9 0.31015625 0.0609375 0.1078125 0.109375
8 0.4375 0.0578125 0.1125 0.0859375
8 0.81796875 0.43828125 0.1125 0.1140625
8 0.81328125 0.565625 0.1109375 0.090625
6 0.19375 0.81484375 0.1125 0.1
6 0.0625 0.18984375 0.11875 0.115625
6 0.93984375 0.56171875 0.1203125 0.1015625
7 0.56640625 0.06484375 0.109375 0.1125
3 0.68828125 0.5625 0.1140625 0.1125
2 0.3171875 0.68828125 0.1140625 0.1203125
1 0.4390625 0.8140625 0.11875 0.109375
1 0.3171875 0.9375 0.109375 0.1078125
0 0.065625 0.4375 0.1203125 0.10625
0 0.06484375 0.8140625 0.1125 0.109375
0 0.44296875 0.93984375 0.115625 0.103125