1 0.0640625 0.81171875 0.121875 0.115625
1 0.4390625 0.309375 0.11875 0.10625
3 0.5671875 0.18515625 0.1109375 0.0875
3 0.68984375 0.56640625 0.1125 0.096875
3 0.190625 0.06640625 0.10625 0.0875
0 0.0671875 0.0609375 0.1203125 0.096875
0 0.81015625 0.06484375 0.11875 0.109375
11 0.940625 0.1890625 0.11875 0.1
11 0.190625 0.31015625 0.11875 0.1
11 0.31640625 0.8171875 0.11875 0.109375
9 0.06796875 0.56171875 0.125 0.109375
9 0.93984375 0.56484375 0.1203125 0.109375
7 0.565625 0.809375 0.1109375 0.1046875
11 0.43828125 0.43984375 0.115625 0.1140625
2 0.43515625 0.1875 0.1234375 0.11875