1 0.18828125 0.0640625 0.115625 0.121875
1 0.690625 0.4390625 0.10546875 0.11953125
3 0.81484375 0.5671875 0.08828125 0.1109375
3 0.43359375 0.68984375 0.096875 0.11171875
3 0.93359375 0.190625 0.08671875 0.10546875
0 0.9390625 0.0671875 0.09765625 0.1203125
0 0.93515625 0.81015625 0.10859375 0.11953125
11 0.8109375 0.940625 0.1 0.11875
11 0.68984375 0.190625 0.1 0.11953125
11 0.1828125 0.31640625 0.109375 0.11796875
9 0.43828125 0.06796875 0.10859375 0.125
9 0.43515625 0.93984375 0.11015625 0.1203125
7 0.190625 0.565625 0.1046875 0.1109375
11 0.56015625 0.43828125 0.1140625 0.11484375
2 0.8125 0.43515625 0.11953125 0.1234375