11 0.81484375 0.18828125 0.10234375 0.11171875
11 0.8140625 0.31328125 0.1203125 0.11484375
11 0.81484375 0.434375 0.12109375 0.1015625
11 0.4390625 0.31640625 0.10234375 0.10546875
0 0.3125 0.18828125 0.1015625 0.1203125
0 0.93671875 0.9390625 0.1109375 0.121875
3 0.43984375 0.1921875 0.10859375 0.09921875
3 0.43203125 0.43515625 0.10859375 0.10859375
1 0.31328125 0.31171875 0.11484375 0.11171875
5 0.31484375 0.690625 0.103125 0.09921875
9 0.06328125 0.3109375 0.115625 0.11875
6 0.18828125 0.06171875 0.10625 0.10625
7 0.5609375 0.065625 0.11015625 0.1203125
2 0.56640625 0.81484375 0.10859375 0.12734375
10 0.81484375 0.6921875 0.10859375 0.10546875