11 0.18828125 0.18515625 0.1125 0.103125
11 0.31328125 0.1859375 0.115625 0.1203125
11 0.434375 0.18515625 0.1015625 0.121875
11 0.31640625 0.5609375 0.10625 0.103125
0 0.18828125 0.6875 0.1203125 0.1015625
0 0.9390625 0.06328125 0.121875 0.1109375
3 0.1921875 0.56015625 0.1 0.109375
3 0.43515625 0.56796875 0.109375 0.109375
1 0.31171875 0.68671875 0.1125 0.115625
5 0.690625 0.68515625 0.1 0.103125
9 0.3109375 0.93671875 0.11875 0.115625
6 0.06171875 0.81171875 0.10625 0.10625
7 0.065625 0.4390625 0.1203125 0.109375
2 0.81484375 0.43359375 0.128125 0.109375
10 0.6921875 0.18515625 0.10625 0.109375