6 0.81015625 0.8171875 0.1171875 0.1203125
1 0.940625 0.8140625 0.1078125 0.1015625
1 0.31171875 0.8171875 0.11875 0.115625
1 0.559375 0.56171875 0.121875 0.10625
3 0.30234375 0.5640625 0.10625 0.1
3 0.68359375 0.3140625 0.109375 0.090625
3 0.81328125 0.4421875 0.1125 0.08125
0 0.18671875 0.9421875 0.1296875 0.115625
5 0.6859375 0.68828125 0.115625 0.103125
4 0.9359375 0.31640625 0.128125 0.1078125
11 0.18046875 0.31484375 0.096875 0.109375
11 0.31015625 0.06484375 0.1125 0.1171875
2 0.5625 0.18671875 0.115625 0.103125
7 0.9390625 0.1875 0.11875 0.10625
8 0.18984375 0.8109375 0.121875 0.0875