6 0.1828125 0.18984375 0.11953125 0.1171875
1 0.1859375 0.059375 0.1015625 0.1078125
1 0.1828125 0.68828125 0.115625 0.11796875
1 0.43828125 0.440625 0.10625 0.12265625
3 0.4359375 0.69765625 0.09921875 0.10703125
3 0.6859375 0.31640625 0.08984375 0.109375
3 0.5578125 0.18671875 0.08046875 0.1125
0 0.0578125 0.81328125 0.115625 0.1296875
5 0.31171875 0.3140625 0.10234375 0.115625
4 0.68359375 0.0640625 0.1078125 0.12734375
11 0.68515625 0.81953125 0.10859375 0.09765625
11 0.93515625 0.68984375 0.1171875 0.11171875
2 0.81328125 0.4375 0.103125 0.11640625
7 0.8125 0.0609375 0.10546875 0.11796875
8 0.1890625 0.81015625 0.08671875 0.12109375