6 0.18984375 0.1828125 0.1171875 0.11875
1 0.059375 0.1859375 0.1078125 0.1015625
1 0.68828125 0.1828125 0.11875 0.115625
1 0.440625 0.43828125 0.121875 0.10625
3 0.69765625 0.4359375 0.10625 0.1
3 0.31640625 0.6859375 0.109375 0.090625
3 0.18671875 0.5578125 0.1125 0.08125
0 0.81328125 0.0578125 0.1296875 0.115625
5 0.3140625 0.31171875 0.115625 0.103125
4 0.0640625 0.68359375 0.128125 0.1078125
11 0.81953125 0.68515625 0.096875 0.109375
11 0.68984375 0.93515625 0.1125 0.1171875
2 0.4375 0.81328125 0.115625 0.103125
7 0.0609375 0.8125 0.11875 0.1046875
8 0.81015625 0.1890625 0.121875 0.0875