1 0.18515625 0.0640625 0.11953125 0.12265625
6 0.3171875 0.31640625 0.0953125 0.11796875
10 0.18671875 0.8125 0.11484375 0.11875
10 0.3109375 0.8140625 0.109375 0.11328125
10 0.56484375 0.684375 0.11171875 0.11875
5 0.43828125 0.43984375 0.1140625 0.11171875
11 0.31015625 0.565625 0.11796875 0.11328125
4 0.5625 0.184375 0.11640625 0.11015625
9 0.43828125 0.31171875 0.11796875 0.1140625
9 0.4390625 0.93671875 0.11953125 0.1171875
9 0.81171875 0.81015625 0.1265625 0.12109375
2 0.934375 0.56171875 0.12109375 0.12265625
3 0.93984375 0.19140625 0.1203125 0.1125
11 0.8140625 0.06640625 0.11953125 0.1125
7 0.1890625 0.6859375 0.12265625 0.115625