1 0.81484375 0.0640625 0.11875 0.121875
6 0.6828125 0.31640625 0.0953125 0.11875
10 0.81328125 0.8125 0.115625 0.11875
10 0.6890625 0.8140625 0.109375 0.1125
10 0.43515625 0.684375 0.1125 0.11875
5 0.56171875 0.43984375 0.1140625 0.1125
11 0.68984375 0.565625 0.11875 0.1125
4 0.4375 0.184375 0.115625 0.109375
9 0.56171875 0.31171875 0.11875 0.1140625
9 0.5609375 0.93671875 0.11875 0.1171875
9 0.18828125 0.81015625 0.1265625 0.121875
2 0.065625 0.56171875 0.121875 0.121875
3 0.06015625 0.19140625 0.1203125 0.1125
11 0.1859375 0.06640625 0.11875 0.1125
7 0.8109375 0.6859375 0.121875 0.115625