11 0.31484375 0.31484375 0.109375 0.09375
11 0.5578125 0.68828125 0.109375 0.10625
8 0.4359375 0.6859375 0.103125 0.090625
8 0.8109375 0.6875 0.1125 0.1015625
8 0.1765625 0.43828125 0.1 0.0875
10 0.31015625 0.059375 0.10625 0.090625
10 0.9328125 0.684375 0.1015625 0.09375
7 0.5609375 0.4375 0.1125 0.10625
0 0.309375 0.93671875 0.11875 0.096875
3 0.18359375 0.8125 0.103125 0.0921875
1 0.80859375 0.184375 0.121875 0.10625
4 0.6875 0.18671875 0.1125 0.1140625
2 0.44140625 0.190625 0.121875 0.1078125
1 0.18359375 0.184375 0.115625 0.109375
1 0.9296875 0.81328125 0.1265625 0.1109375