11 0.68515625 0.68515625 0.09375 0.10859375
11 0.31171875 0.4421875 0.10546875 0.10859375
8 0.3140625 0.5640625 0.08984375 0.10234375
8 0.3125 0.1890625 0.10078125 0.11328125
8 0.56171875 0.8234375 0.08828125 0.1
10 0.940625 0.68984375 0.08984375 0.10625
10 0.315625 0.0671875 0.09296875 0.1015625
7 0.5625 0.4390625 0.10703125 0.11328125
0 0.06328125 0.690625 0.09609375 0.11953125
3 0.1875 0.81640625 0.0921875 0.103125
1 0.815625 0.19140625 0.10703125 0.12109375
4 0.81328125 0.3125 0.1140625 0.1125
2 0.809375 0.55859375 0.1078125 0.12265625
1 0.815625 0.81640625 0.11015625 0.11484375
1 0.18671875 0.0703125 0.1109375 0.1265625