11 0.68515625 0.68515625 0.09375 0.109375
11 0.31171875 0.4421875 0.10625 0.109375
8 0.3140625 0.5640625 0.090625 0.103125
8 0.3125 0.1890625 0.1 0.1125
8 0.56171875 0.8234375 0.0875 0.1
10 0.940625 0.68984375 0.090625 0.10625
10 0.315625 0.0671875 0.09375 0.1015625
7 0.5625 0.4390625 0.10625 0.1125
0 0.06328125 0.690625 0.096875 0.11875
3 0.1875 0.81640625 0.0921875 0.103125
1 0.815625 0.19140625 0.10625 0.121875
4 0.81328125 0.3125 0.1140625 0.1125
2 0.809375 0.55859375 0.1078125 0.121875
1 0.815625 0.81640625 0.109375 0.115625
1 0.18671875 0.0703125 0.1109375 0.1265625