4 0.3109375 0.4375 0.1078125 0.10078125
4 0.5609375 0.68984375 0.1109375 0.10390625
4 0.9390625 0.9390625 0.1109375 0.1046875
11 0.6875 0.69296875 0.08984375 0.0921875
11 0.18515625 0.190625 0.11796875 0.11015625
3 0.56015625 0.81484375 0.090625 0.1171875
3 0.68828125 0.5625 0.096875 0.11328125
1 0.9390625 0.57109375 0.1109375 0.1125
2 0.9375 0.690625 0.1046875 0.1109375
7 0.18359375 0.06171875 0.10234375 0.10859375
9 0.93828125 0.190625 0.10546875 0.1140625
9 0.68828125 0.8125 0.11484375 0.10703125