0 0.4375 0.18671875 0.11875 0.1109375
0 0.43515625 0.31015625 0.1171875 0.1125
7 0.690625 0.190625 0.11875 0.121875
2 0.18515625 0.93828125 0.1171875 0.109375
1 0.31328125 0.93828125 0.1203125 0.1234375
1 0.934375 0.18671875 0.121875 0.11875
3 0.8125 0.43828125 0.1140625 0.096875
11 0.6859375 0.43984375 0.128125 0.1125
11 0.31484375 0.43828125 0.1234375 0.115625
11 0.0625 0.1859375 0.121875 0.1125
6 0.0640625 0.56328125 0.115625 0.1078125
6 0.8140625 0.9359375 0.1171875 0.128125
10 0.06875 0.81015625 0.11875 0.121875
9 0.68671875 0.934375 0.1109375 0.1203125
8 0.190625 0.43828125 0.11875 0.10625