0 0.5625 0.18671875 0.11875 0.1109375
0 0.56484375 0.31015625 0.1171875 0.1125
7 0.309375 0.190625 0.11875 0.121875
2 0.81484375 0.93828125 0.1171875 0.109375
1 0.68671875 0.93828125 0.1203125 0.1234375
1 0.065625 0.18671875 0.121875 0.11875
3 0.1875 0.43828125 0.1140625 0.096875
11 0.3140625 0.43984375 0.128125 0.1125
11 0.68515625 0.43828125 0.1234375 0.115625
11 0.9375 0.1859375 0.121875 0.1125
6 0.9359375 0.56328125 0.115625 0.1078125
6 0.1859375 0.9359375 0.1171875 0.128125
10 0.93125 0.81015625 0.11875 0.121875
9 0.31328125 0.934375 0.1109375 0.1203125
8 0.809375 0.43828125 0.11875 0.10625