0 0.18671875 0.4375 0.1109375 0.11953125
0 0.31015625 0.43515625 0.11171875 0.1171875
7 0.190625 0.690625 0.121875 0.11953125
2 0.93828125 0.18515625 0.10859375 0.1171875
1 0.93828125 0.31328125 0.1234375 0.1203125
1 0.18671875 0.934375 0.11953125 0.121875
3 0.43828125 0.8125 0.096875 0.1140625
11 0.43984375 0.6859375 0.11171875 0.12734375
11 0.43828125 0.31484375 0.115625 0.1234375
11 0.1859375 0.0625 0.11328125 0.12109375
6 0.56328125 0.0640625 0.1078125 0.115625
6 0.9359375 0.8140625 0.12734375 0.1171875
10 0.81015625 0.06875 0.12265625 0.11953125
9 0.934375 0.68671875 0.11953125 0.1109375
8 0.43828125 0.190625 0.10546875 0.11875