4 0.68515625 0.31484375 0.1140625 0.1265625
4 0.19140625 0.8125 0.1125 0.121875
1 0.059375 0.8140625 0.11875 0.1125
3 0.9359375 0.690625 0.103125 0.1125
0 0.3125 0.68515625 0.0921875 0.1140625
9 0.18984375 0.559375 0.103125 0.11875
11 0.4328125 0.3203125 0.0921875 0.1140625
11 0.184375 0.06015625 0.0984375 0.10625
11 0.5640625 0.06875 0.0921875 0.1125
11 0.68203125 0.9421875 0.1109375 0.115625
8 0.5625 0.82421875 0.090625 0.090625
6 0.93515625 0.81484375 0.1 0.10625
2 0.6875 0.68359375 0.109375 0.109375
6 0.4375 0.56328125 0.1046875 0.109375
7 0.0640625 0.1875 0.103125 0.10625