4 0.31484375 0.31484375 0.1265625 0.1140625
4 0.8125 0.80859375 0.121875 0.1125
1 0.8140625 0.940625 0.1125 0.11875
3 0.690625 0.0640625 0.1125 0.103125
0 0.68515625 0.6875 0.1140625 0.0921875
9 0.559375 0.81015625 0.11875 0.103125
11 0.3203125 0.5671875 0.1140625 0.0921875
11 0.06015625 0.815625 0.10625 0.0984375
11 0.06875 0.4359375 0.1125 0.0921875
11 0.9421875 0.31796875 0.115625 0.1109375
8 0.82421875 0.4375 0.090625 0.090625
6 0.81484375 0.06484375 0.10625 0.1
2 0.68359375 0.3125 0.109375 0.109375
6 0.56328125 0.5625 0.109375 0.1046875
7 0.1875 0.9359375 0.10625 0.103125