0 0.81328125 0.06328125 0.121875 0.121875
0 0.81484375 0.190625 0.128125 0.1078125
0 0.81171875 0.4421875 0.109375 0.1046875
0 0.0640625 0.06796875 0.096875 0.1125
0 0.06328125 0.3140625 0.109375 0.109375
1 0.1890625 0.1875 0.10625 0.115625
1 0.68671875 0.93984375 0.1125 0.1171875
4 0.68984375 0.68671875 0.1140625 0.10625
5 0.6890625 0.81171875 0.0953125 0.103125
5 0.93828125 0.565625 0.090625 0.1125
2 0.1875 0.3140625 0.1046875 0.1109375
7 0.56171875 0.19375 0.115625 0.128125
8 0.8140625 0.5671875 0.0859375 0.1