0 0.18671875 0.06328125 0.12109375 0.12109375
0 0.18515625 0.190625 0.12890625 0.1078125
0 0.18828125 0.4421875 0.10859375 0.1046875
0 0.9359375 0.06796875 0.09765625 0.11328125
0 0.93671875 0.3140625 0.109375 0.10859375
1 0.8109375 0.1875 0.10703125 0.11640625
1 0.31328125 0.93984375 0.11171875 0.1171875
4 0.31015625 0.68671875 0.1140625 0.10546875
5 0.3109375 0.81171875 0.0953125 0.103125
5 0.06171875 0.565625 0.090625 0.11171875
2 0.8125 0.3140625 0.1046875 0.1109375
7 0.43828125 0.19375 0.11484375 0.12890625
8 0.1859375 0.5671875 0.0859375 0.1