4 0.059375 0.31015625 0.11875 0.1203125
8 0.06796875 0.690625 0.08828125 0.11328125
3 0.315625 0.18671875 0.1046875 0.11796875
3 0.80859375 0.3125 0.08828125 0.11875
3 0.81484375 0.81484375 0.10078125 0.11484375
1 0.68515625 0.9421875 0.1140625 0.115625
5 0.31484375 0.31328125 0.11171875 0.1140625
10 0.06328125 0.946875 0.090625 0.10625
11 0.3125 0.9328125 0.10703125 0.12109375
11 0.44140625 0.4359375 0.10859375 0.128125
7 0.06015625 0.809375 0.11484375 0.11328125
9 0.9359375 0.6890625 0.12265625 0.1171875
11 0.18828125 0.0609375 0.11484375 0.121875
2 0.56328125 0.30625 0.10859375 0.11484375