4 0.940625 0.31015625 0.11875 0.1203125
8 0.93203125 0.690625 0.0875 0.1125
3 0.684375 0.18671875 0.1046875 0.11875
3 0.19140625 0.3125 0.0875 0.11875
3 0.18515625 0.81484375 0.1 0.115625
1 0.31484375 0.9421875 0.1140625 0.115625
5 0.68515625 0.31328125 0.1125 0.1140625
10 0.93671875 0.946875 0.090625 0.10625
11 0.6875 0.9328125 0.10625 0.121875
11 0.55859375 0.4359375 0.109375 0.128125
7 0.93984375 0.809375 0.115625 0.1125
9 0.0640625 0.6890625 0.121875 0.1171875
11 0.81171875 0.0609375 0.115625 0.121875
2 0.43671875 0.30625 0.109375 0.115625