3 0.06015625 0.18828125 0.09140625 0.1140625
3 0.434375 0.18671875 0.11328125 0.11796875
3 0.4390625 0.3125 0.11640625 0.11640625
3 0.06015625 0.6859375 0.1109375 0.11796875
3 0.18828125 0.69140625 0.1171875 0.12109375
6 0.1875 0.93828125 0.11328125 0.12109375
6 0.5640625 0.1890625 0.1078125 0.11640625
9 0.18671875 0.06171875 0.11171875 0.1140625
8 0.8078125 0.31796875 0.109375 0.1125
8 0.809375 0.68515625 0.115625 0.1234375
7 0.68515625 0.44140625 0.12265625 0.115625
2 0.93671875 0.43515625 0.1140625 0.1203125
1 0.8125 0.55859375 0.115625 0.12265625
5 0.19140625 0.1890625 0.1125 0.1171875
9 0.1890625 0.06328125 0.11640625 0.1265625
1 0.5640625 0.06640625 0.125 0.1328125