3 0.81171875 0.06015625 0.1140625 0.090625
3 0.81328125 0.434375 0.11875 0.1125
3 0.6875 0.4390625 0.115625 0.115625
3 0.3140625 0.06015625 0.11875 0.1109375
3 0.30859375 0.18828125 0.121875 0.1171875
6 0.06171875 0.1875 0.121875 0.1125
6 0.8109375 0.5640625 0.115625 0.1078125
9 0.93828125 0.18671875 0.1140625 0.1125
8 0.68203125 0.8078125 0.1125 0.109375
8 0.31484375 0.809375 0.1234375 0.115625
7 0.55859375 0.68515625 0.115625 0.121875
2 0.56484375 0.93671875 0.1203125 0.1140625
1 0.44140625 0.8125 0.121875 0.115625
5 0.8109375 0.19140625 0.1171875 0.1125
9 0.93671875 0.1890625 0.1265625 0.115625
1 0.93359375 0.5640625 0.1328125 0.125