3 0.18828125 0.93984375 0.1140625 0.090625
3 0.18671875 0.565625 0.11875 0.1140625
3 0.3125 0.5609375 0.115625 0.115625
3 0.6859375 0.93984375 0.11875 0.1109375
3 0.69140625 0.81171875 0.121875 0.1171875
6 0.93828125 0.8125 0.121875 0.1140625
6 0.1890625 0.4359375 0.115625 0.1078125
9 0.06171875 0.81328125 0.1140625 0.1109375
8 0.31796875 0.1921875 0.1125 0.109375
8 0.68515625 0.190625 0.1234375 0.115625
7 0.44140625 0.31484375 0.115625 0.121875
2 0.43515625 0.06328125 0.1203125 0.1140625
1 0.55859375 0.1875 0.121875 0.115625
5 0.1890625 0.80859375 0.1171875 0.1125
9 0.06328125 0.8109375 0.1265625 0.115625
1 0.06640625 0.4359375 0.1328125 0.125