4 0.81015625 0.815625 0.121875 0.1140625
4 0.934375 0.06328125 0.1203125 0.109375
10 0.9390625 0.81015625 0.1125 0.1078125
10 0.93359375 0.18515625 0.1140625 0.0984375
5 0.1859375 0.06171875 0.11875 0.0875
5 0.0609375 0.06328125 0.115625 0.0953125
9 0.4359375 0.1890625 0.11875 0.10625
1 0.9390625 0.4375 0.121875 0.10625
7 0.81015625 0.56328125 0.10625 0.109375
8 0.6859375 0.8109375 0.10625 0.0921875
8 0.5609375 0.31328125 0.10625 0.1
0 0.55859375 0.81015625 0.1125 0.0984375
3 0.30625 0.6890625 0.109375 0.090625
6 0.31328125 0.93671875 0.1078125 0.0984375