4 0.184375 0.18984375 0.11328125 0.12109375
4 0.93671875 0.065625 0.109375 0.1203125
10 0.18984375 0.0609375 0.1078125 0.1125
10 0.81484375 0.06640625 0.0984375 0.1140625
5 0.93828125 0.8140625 0.08828125 0.11875
5 0.93671875 0.9390625 0.0953125 0.115625
9 0.8109375 0.5640625 0.10703125 0.11796875
1 0.5625 0.0609375 0.10546875 0.121875
7 0.43671875 0.18984375 0.109375 0.10625
8 0.1890625 0.3140625 0.0921875 0.10703125
8 0.68671875 0.4390625 0.09921875 0.10703125
0 0.18984375 0.44140625 0.0984375 0.11328125
3 0.3109375 0.69375 0.090625 0.109375
6 0.06328125 0.68671875 0.0984375 0.1078125