10 0.80859375 0.065625 0.125 0.115625
5 0.80625 0.309375 0.115625 0.11875
0 0.56328125 0.18515625 0.1171875 0.121875
7 0.43828125 0.0609375 0.1109375 0.121875
3 0.5625 0.43671875 0.109375 0.11875
1 0.4359375 0.44140625 0.103125 0.121875
9 0.68671875 0.5609375 0.1171875 0.121875
2 0.3171875 0.69140625 0.11875 0.115625
11 0.1890625 0.55859375 0.1125 0.1203125
3 0.06171875 0.6890625 0.115625 0.121875
10 0.434375 0.8109375 0.1171875 0.125
0 0.56015625 0.93828125 0.109375 0.1234375
6 0.81171875 0.93828125 0.115625 0.1203125
11 0.9359375 0.8125 0.121875 0.13125