10 0.19140625 0.065625 0.12421875 0.11640625
5 0.19375 0.309375 0.11640625 0.11953125
0 0.43671875 0.18515625 0.1171875 0.12265625
7 0.56171875 0.0609375 0.1109375 0.121875
3 0.4375 0.43671875 0.11015625 0.11796875
1 0.5640625 0.44140625 0.10390625 0.12109375
9 0.31328125 0.5609375 0.1171875 0.12109375
2 0.6828125 0.69140625 0.11953125 0.115625
11 0.8109375 0.55859375 0.11328125 0.1203125
3 0.93828125 0.6890625 0.11484375 0.12265625
10 0.565625 0.8109375 0.1171875 0.125
0 0.43984375 0.93828125 0.10859375 0.1234375
6 0.18828125 0.93828125 0.11484375 0.1203125
11 0.0640625 0.8125 0.121875 0.13046875