5 0.31640625 0.1875 0.115625 0.109375
10 0.4375 0.06640625 0.115625 0.109375
10 0.81328125 0.5640625 0.115625 0.1078125
10 0.3125 0.5609375 0.1125 0.0953125
0 0.19296875 0.94296875 0.1125 0.109375
0 0.56328125 0.06328125 0.1140625 0.10625
3 0.56640625 0.30625 0.1125 0.103125
3 0.68671875 0.684375 0.121875 0.121875
4 0.6859375 0.18359375 0.10625 0.1125
11 0.43515625 0.3078125 0.1203125 0.103125
8 0.69140625 0.9328125 0.1125 0.0921875
7 0.06484375 0.31328125 0.1125 0.10625
6 0.31171875 0.8125 0.11875 0.1109375
4 0.44140625 0.6890625 0.1234375 0.11875
2 0.6859375 0.815625 0.125 0.11875