5 0.1875 0.31640625 0.109375 0.11640625
10 0.06640625 0.4375 0.109375 0.11640625
10 0.5640625 0.81328125 0.1078125 0.115625
10 0.5609375 0.3125 0.0953125 0.11328125
0 0.94296875 0.19296875 0.109375 0.1125
0 0.06328125 0.56328125 0.10546875 0.1140625
3 0.30625 0.56640625 0.10390625 0.11171875
3 0.684375 0.68671875 0.12109375 0.12109375
4 0.18359375 0.6859375 0.11171875 0.10703125
11 0.3078125 0.43515625 0.103125 0.1203125
8 0.9328125 0.69140625 0.09140625 0.11171875
7 0.31328125 0.06484375 0.10546875 0.11171875
6 0.8125 0.31171875 0.1109375 0.11796875
4 0.6890625 0.44140625 0.11875 0.1234375
2 0.815625 0.6859375 0.11953125 0.125