9 0.68125 0.31484375 0.134375 0.121875
9 0.3125 0.5609375 0.1046875 0.1125
6 0.3125 0.68828125 0.10625 0.109375
6 0.809375 0.309375 0.1171875 0.121875
1 0.56171875 0.8140625 0.109375 0.11875
0 0.68984375 0.8125 0.115625 0.115625
0 0.31328125 0.81328125 0.115625 0.1171875
0 0.190625 0.18359375 0.115625 0.121875
4 0.0609375 0.43515625 0.109375 0.1203125
3 0.31484375 0.9359375 0.1078125 0.0890625
10 0.93515625 0.5625 0.1125 0.1046875
11 0.93984375 0.31015625 0.1203125 0.109375
11 0.18671875 0.43671875 0.1171875 0.1140625
7 0.4390625 0.1859375 0.109375 0.10625
2 0.56875 0.5609375 0.125 0.10625