9 0.31484375 0.31875 0.121875 0.134375
9 0.5609375 0.6875 0.1125 0.1046875
6 0.68828125 0.6875 0.109375 0.10625
6 0.309375 0.190625 0.121875 0.1171875
1 0.8140625 0.43828125 0.11875 0.109375
0 0.8125 0.31015625 0.115625 0.115625
0 0.81328125 0.68671875 0.1171875 0.115625
0 0.18359375 0.809375 0.121875 0.115625
4 0.43515625 0.9390625 0.1203125 0.109375
3 0.9359375 0.68515625 0.0890625 0.1078125
10 0.5625 0.06484375 0.103125 0.1125
11 0.31015625 0.06015625 0.109375 0.1203125
11 0.43671875 0.81328125 0.1140625 0.1171875
7 0.1859375 0.5609375 0.10625 0.109375
2 0.5609375 0.43125 0.10625 0.125