7 0.05859375 0.1890625 0.109375 0.115625
0 0.065625 0.5640625 0.1109375 0.11875
0 0.18203125 0.56328125 0.1046875 0.109375
0 0.31328125 0.065625 0.11875 0.121875
11 0.3125 0.19140625 0.1078125 0.109375
11 0.68671875 0.190625 0.1140625 0.1046875
10 0.43671875 0.1875 0.103125 0.1125
10 0.8140625 0.3140625 0.09375 0.109375
10 0.940625 0.43984375 0.084375 0.10625
10 0.93984375 0.94140625 0.09375 0.103125
8 0.940625 0.8140625 0.109375 0.1
6 0.31328125 0.81484375 0.10625 0.10625
4 0.81171875 0.06171875 0.103125 0.115625
2 0.6859375 0.93984375 0.1125 0.109375