7 0.8109375 0.05859375 0.115625 0.109375
0 0.4359375 0.065625 0.11875 0.1109375
0 0.43671875 0.18203125 0.109375 0.1046875
0 0.934375 0.31328125 0.121875 0.11875
11 0.80859375 0.3125 0.109375 0.1078125
11 0.809375 0.68671875 0.1046875 0.1140625
10 0.8125 0.43671875 0.1125 0.103125
10 0.6859375 0.8140625 0.109375 0.09375
10 0.56015625 0.940625 0.10625 0.084375
10 0.05859375 0.93984375 0.103125 0.09375
8 0.1859375 0.940625 0.1 0.109375
6 0.18515625 0.31328125 0.10625 0.10625
4 0.93828125 0.81171875 0.115625 0.103125
2 0.06015625 0.6859375 0.109375 0.1125