10 0.3109375 0.0671875 0.1109375 0.1140625
10 0.31796875 0.55546875 0.1015625 0.121875
10 0.9390625 0.69375 0.1078125 0.1140625
8 0.93984375 0.44375 0.09453125 0.1109375
8 0.81484375 0.69375 0.09453125 0.10234375
5 0.3140625 0.8171875 0.1015625 0.1015625
3 0.065625 0.69375 0.08359375 0.10234375
0 0.42890625 0.45078125 0.1046875 0.134375
1 0.5609375 0.321875 0.13125 0.134375
1 0.8125 0.0671875 0.1046875 0.1203125
7 0.5671875 0.5609375 0.11171875 0.11015625
2 0.934375 0.19453125 0.11953125 0.12421875
1 0.06484375 0.3109375 0.12421875 0.12734375