10 0.9328125 0.3109375 0.1140625 0.1109375
10 0.44453125 0.31796875 0.121875 0.1015625
10 0.30625 0.9390625 0.1140625 0.1078125
8 0.55625 0.93984375 0.1109375 0.09375
8 0.30625 0.81484375 0.103125 0.09375
5 0.1828125 0.3140625 0.1015625 0.1015625
3 0.30625 0.065625 0.103125 0.084375
0 0.54921875 0.42890625 0.134375 0.1046875
1 0.678125 0.5609375 0.134375 0.13125
1 0.9328125 0.8125 0.1203125 0.1046875
7 0.4390625 0.5671875 0.109375 0.1125
2 0.80546875 0.934375 0.125 0.11875
1 0.6890625 0.06484375 0.128125 0.125