5 0.309375 0.0625 0.12421875 0.11640625
5 0.4390625 0.190625 0.11953125 0.11875
4 0.0640625 0.3140625 0.115625 0.128125
6 0.065625 0.55859375 0.1078125 0.11171875
1 0.5609375 0.6859375 0.11796875 0.11328125
10 0.44140625 0.93828125 0.0890625 0.1234375
6 0.56484375 0.93984375 0.1046875 0.1203125
6 0.68828125 0.6859375 0.1171875 0.11953125
6 0.6875 0.56953125 0.12265625 0.10625
3 0.6875 0.43671875 0.1015625 0.11796875
1 0.56484375 0.3109375 0.12109375 0.11953125
6 0.8109375 0.18984375 0.11640625 0.12109375
2 0.9375 0.18515625 0.11953125 0.1234375
7 0.56640625 0.803125 0.103125 0.11796875