5 0.0625 0.690625 0.115625 0.125
5 0.190625 0.5609375 0.11875 0.1203125
4 0.3140625 0.9359375 0.128125 0.115625
6 0.55859375 0.934375 0.1125 0.1078125
1 0.6859375 0.4390625 0.1125 0.11875
10 0.93828125 0.55859375 0.1234375 0.0890625
6 0.93984375 0.43515625 0.1203125 0.1046875
6 0.6859375 0.31171875 0.11875 0.1171875
6 0.56953125 0.3125 0.10625 0.121875
3 0.43671875 0.3125 0.11875 0.1015625
1 0.3109375 0.43515625 0.11875 0.121875
6 0.18984375 0.1890625 0.121875 0.115625
2 0.18515625 0.0625 0.1234375 0.11875
7 0.803125 0.43359375 0.11875 0.103125