5 0.9375 0.0640625 0.0984375 0.1140625
10 0.4390625 0.06953125 0.090625 0.11328125
10 0.3125 0.0671875 0.09296875 0.11328125
10 0.3125 0.69375 0.10078125 0.1015625
10 0.809375 0.8109375 0.0921875 0.11640625
6 0.8109375 0.6875 0.11015625 0.11015625
8 0.06328125 0.69453125 0.1125 0.10078125
7 0.31015625 0.31796875 0.1078125 0.1125
3 0.43671875 0.68984375 0.1109375 0.11796875
3 0.55703125 0.19765625 0.09375 0.11328125
2 0.68359375 0.4421875 0.11484375 0.11015625
1 0.684375 0.3140625 0.11328125 0.1171875