9 0.31171875 0.1859375 0.11171875 0.109375
9 0.8125 0.559375 0.11328125 0.11015625
7 0.1859375 0.56328125 0.11015625 0.109375
2 0.5609375 0.9375 0.11015625 0.11015625
1 0.3109375 0.9390625 0.1125 0.11953125
1 0.56015625 0.5671875 0.10625 0.121875
1 0.8140625 0.6875 0.09921875 0.11640625
1 0.81484375 0.0640625 0.10625 0.1171875
11 0.6890625 0.190625 0.1015625 0.1140625
3 0.934375 0.1890625 0.10625 0.1171875
3 0.1859375 0.43828125 0.11640625 0.10859375
8 0.06484375 0.815625 0.090625 0.1078125
3 0.31015625 0.69140625 0.07578125 0.11875
6 0.4359375 0.0609375 0.10703125 0.11484375
4 0.93984375 0.3125 0.11796875 0.11640625