9 0.68828125 0.1859375 0.1125 0.109375
9 0.1875 0.559375 0.1125 0.109375
7 0.8140625 0.56328125 0.109375 0.109375
2 0.4390625 0.9375 0.109375 0.109375
1 0.6890625 0.9390625 0.1125 0.11875
1 0.43984375 0.5671875 0.10625 0.121875
1 0.1859375 0.6875 0.1 0.115625
1 0.18515625 0.0640625 0.10625 0.1171875
11 0.3109375 0.190625 0.1015625 0.1140625
3 0.065625 0.1890625 0.10625 0.1171875
3 0.8140625 0.43828125 0.115625 0.109375
8 0.93515625 0.815625 0.090625 0.1078125
3 0.68984375 0.69140625 0.075 0.11875
6 0.5640625 0.0609375 0.10625 0.115625
4 0.06015625 0.3125 0.11875 0.115625