10 0.5640625 0.32109375 0.09375 0.09765625
8 0.0625 0.81875 0.1109375 0.1109375
8 0.81015625 0.1890625 0.09453125 0.11015625
7 0.440625 0.4359375 0.10390625 0.11015625
6 0.43671875 0.06640625 0.10625 0.10078125
6 0.56328125 0.18984375 0.10234375 0.11484375
3 0.68828125 0.56875 0.09921875 0.1109375
0 0.06328125 0.4375 0.09453125 0.1125
0 0.8140625 0.315625 0.10234375 0.1171875
0 0.94140625 0.3125 0.109375 0.12265625
0 0.5625 0.93359375 0.1046875 0.10859375
2 0.815625 0.69140625 0.09609375 0.11171875