9 0.18515625 0.1859375 0.1328125 0.128125
4 0.1921875 0.9359375 0.1140625 0.11015625
4 0.93828125 0.93515625 0.1 0.10859375
4 0.93515625 0.4375 0.11796875 0.11953125
1 0.43203125 0.18671875 0.1 0.10625
1 0.68515625 0.684375 0.10234375 0.10390625
1 0.80546875 0.81328125 0.11640625 0.10859375
11 0.8125 0.6859375 0.08671875 0.1078125
11 0.6859375 0.0640625 0.11015625 0.11640625
11 0.05859375 0.93671875 0.096875 0.1109375
5 0.31484375 0.5640625 0.0921875 0.11328125
0 0.55859375 0.940625 0.103125 0.11328125
8 0.6828125 0.44140625 0.0921875 0.10703125
7 0.43828125 0.06015625 0.10234375 0.1109375
2 0.43515625 0.3140625 0.10546875 0.1078125