9 0.81484375 0.1859375 0.1328125 0.128125
4 0.8078125 0.9359375 0.1140625 0.109375
4 0.06171875 0.93515625 0.1 0.109375
4 0.06484375 0.4375 0.11875 0.11875
1 0.56796875 0.18671875 0.1 0.10625
1 0.31484375 0.684375 0.103125 0.103125
1 0.19453125 0.81328125 0.115625 0.109375
11 0.1875 0.6859375 0.0875 0.1078125
11 0.3140625 0.0640625 0.109375 0.115625
11 0.94140625 0.93671875 0.096875 0.1109375
5 0.68515625 0.5640625 0.0921875 0.1125
0 0.44140625 0.940625 0.103125 0.1125
8 0.3171875 0.44140625 0.0921875 0.10625
7 0.56171875 0.06015625 0.103125 0.1109375
2 0.56484375 0.3140625 0.10625 0.1078125