5 0.1859375 0.4375 0.12265625 0.121875
8 0.31015625 0.321875 0.10234375 0.11953125
8 0.6875 0.4359375 0.09921875 0.10703125
8 0.1859375 0.81875 0.115625 0.10859375
10 0.1921875 0.940625 0.10703125 0.11328125
0 0.31640625 0.8109375 0.09140625 0.12109375
9 0.18359375 0.56015625 0.11328125 0.12109375
9 0.4421875 0.3140625 0.1171875 0.128125
9 0.81015625 0.0609375 0.1203125 0.12109375
1 0.9375 0.425 0.125 0.10234375
11 0.68828125 0.18828125 0.1265625 0.1171875
7 0.434375 0.06015625 0.115625 0.11953125
2 0.93984375 0.18984375 0.1203125 0.1265625
4 0.69296875 0.3078125 0.12734375 0.12421875