5 0.4375 0.1859375 0.121875 0.121875
8 0.321875 0.31015625 0.11875 0.103125
8 0.4359375 0.6875 0.10625 0.1
8 0.81875 0.1859375 0.109375 0.115625
10 0.940625 0.1921875 0.1125 0.10625
0 0.8109375 0.31640625 0.121875 0.090625
9 0.56015625 0.18359375 0.121875 0.1125
9 0.3140625 0.4421875 0.128125 0.1171875
9 0.0609375 0.81015625 0.121875 0.1203125
1 0.425 0.9375 0.103125 0.125
11 0.18828125 0.68828125 0.1171875 0.1265625
7 0.06015625 0.434375 0.11875 0.115625
2 0.18984375 0.93984375 0.1265625 0.1203125
4 0.3078125 0.69296875 0.125 0.128125