4 0.93671875 0.5609375 0.1203125 0.11875
1 0.315625 0.809375 0.11875 0.10625
2 0.8125 0.315625 0.115625 0.109375
0 0.6875 0.68984375 0.11875 0.1203125
0 0.68671875 0.1890625 0.115625 0.1125
0 0.4375 0.1890625 0.121875 0.109375
5 0.5625 0.18984375 0.1171875 0.1234375
5 0.315625 0.0625 0.11875 0.09375
9 0.18984375 0.43984375 0.121875 0.11875
10 0.0578125 0.31484375 0.1109375 0.1015625
6 0.1890625 0.940625 0.11875 0.11875
7 0.0640625 0.93984375 0.10625 0.1109375
11 0.559375 0.6875 0.115625 0.121875