4 0.4390625 0.06328125 0.11875 0.1203125
1 0.190625 0.684375 0.10703125 0.11953125
2 0.684375 0.1875 0.11015625 0.11640625
0 0.31015625 0.3125 0.1203125 0.11875
0 0.8109375 0.31328125 0.11328125 0.115625
0 0.8109375 0.5625 0.11015625 0.12109375
5 0.81015625 0.4375 0.1234375 0.1171875
5 0.9375 0.684375 0.09296875 0.11875
9 0.56015625 0.81015625 0.11796875 0.12109375
10 0.68515625 0.9421875 0.1015625 0.1109375
6 0.059375 0.8109375 0.11875 0.11875
7 0.06015625 0.9359375 0.1109375 0.10703125
11 0.3125 0.440625 0.12265625 0.115625