5 0.18359375 0.565625 0.109375 0.109375
5 0.9390625 0.56640625 0.115625 0.10625
5 0.059375 0.1890625 0.115625 0.096875
4 0.06015625 0.5625 0.115625 0.10625
4 0.93515625 0.06171875 0.125 0.1125
1 0.56328125 0.18515625 0.1171875 0.096875
1 0.06171875 0.06484375 0.11875 0.109375
2 0.44140625 0.18984375 0.1109375 0.10625
8 0.1859375 0.1859375 0.109375 0.103125
8 0.8078125 0.4375 0.1109375 0.1
8 0.30546875 0.94140625 0.090625 0.0921875
6 0.18671875 0.81171875 0.10625 0.0984375
11 0.43671875 0.68828125 0.11875 0.10625
7 0.5625 0.6859375 0.1109375 0.103125