5 0.434375 0.81640625 0.11015625 0.10859375
5 0.43359375 0.0609375 0.10625 0.115625
5 0.8109375 0.940625 0.09765625 0.11640625
4 0.4375 0.93984375 0.10625 0.11640625
4 0.93828125 0.06484375 0.11171875 0.12421875
1 0.81484375 0.43671875 0.096875 0.1171875
1 0.93515625 0.93828125 0.10859375 0.11796875
2 0.81015625 0.55859375 0.10546875 0.1109375
8 0.8140625 0.8140625 0.10234375 0.11015625
8 0.5625 0.1921875 0.10078125 0.1109375
8 0.05859375 0.69453125 0.09140625 0.09140625
6 0.18828125 0.81328125 0.09765625 0.10625
11 0.31171875 0.56328125 0.10546875 0.11796875
7 0.3140625 0.4375 0.10390625 0.1109375