5 0.934375 0.4359375 0.125 0.0984375
5 0.68515625 0.68984375 0.109375 0.090625
1 0.06484375 0.0625 0.115625 0.10625
1 0.80703125 0.43671875 0.115625 0.10625
8 0.67890625 0.18515625 0.1125 0.078125
8 0.559375 0.5609375 0.1109375 0.0953125
3 0.18828125 0.4359375 0.1171875 0.0921875
4 0.059375 0.6875 0.11875 0.103125
11 0.30546875 0.3109375 0.10625 0.0984375
10 0.18671875 0.18515625 0.1171875 0.103125
10 0.184375 0.6875 0.10625 0.0875
10 0.3109375 0.9359375 0.10625 0.0921875
7 0.0609375 0.5609375 0.115625 0.0953125
2 0.68671875 0.8125 0.121875 0.090625