5 0.5640625 0.065625 0.0984375 0.125
5 0.31015625 0.31484375 0.090625 0.109375
1 0.9375 0.93515625 0.10625 0.115625
1 0.56328125 0.19296875 0.10625 0.115625
8 0.81484375 0.32109375 0.078125 0.1125
8 0.4390625 0.440625 0.0953125 0.1109375
3 0.5640625 0.81171875 0.0921875 0.1171875
4 0.3125 0.940625 0.103125 0.11875
11 0.6890625 0.69453125 0.0984375 0.10625
10 0.81484375 0.81328125 0.103125 0.1171875
10 0.3125 0.815625 0.0875 0.10625
10 0.0640625 0.6890625 0.0921875 0.10625
7 0.4390625 0.9390625 0.0953125 0.115625
2 0.1875 0.31328125 0.090625 0.121875