5 0.4359375 0.065625 0.0984375 0.125
5 0.68984375 0.31484375 0.090625 0.10859375
1 0.0625 0.93515625 0.10703125 0.11484375
1 0.43671875 0.19296875 0.10546875 0.11484375
8 0.18515625 0.32109375 0.078125 0.11328125
8 0.5609375 0.440625 0.0953125 0.1109375
3 0.4359375 0.81171875 0.0921875 0.1171875
4 0.6875 0.940625 0.103125 0.11875
11 0.3109375 0.69453125 0.0984375 0.10625
10 0.18515625 0.81328125 0.10234375 0.1171875
10 0.6875 0.815625 0.08671875 0.10546875
10 0.9359375 0.6890625 0.0921875 0.10546875
7 0.5609375 0.9390625 0.0953125 0.115625
2 0.8125 0.31328125 0.08984375 0.12109375