9 0.4390625 0.190625 0.11640625 0.1203125
9 0.68671875 0.19375 0.1171875 0.12890625
9 0.56328125 0.06640625 0.109375 0.11484375
9 0.68515625 0.93984375 0.11015625 0.1203125
2 0.56484375 0.559375 0.11875 0.115625
3 0.43203125 0.8125 0.09921875 0.1171875
5 0.9375 0.56640625 0.11953125 0.1234375
11 0.56328125 0.68828125 0.11484375 0.11484375
8 0.809375 0.1921875 0.0984375 0.11328125
10 0.43984375 0.065625 0.08828125 0.1171875
7 0.43671875 0.93671875 0.11171875 0.1171875
6 0.81171875 0.44140625 0.1109375 0.1265625