0 0.81171875 0.18671875 0.1265625 0.121875
0 0.565625 0.18671875 0.10625 0.11875
8 0.43515625 0.1953125 0.103125 0.1078125
6 0.43515625 0.0625 0.10625 0.121875
11 0.1890625 0.0609375 0.109375 0.115625
10 0.059375 0.06171875 0.10625 0.1140625
2 0.18828125 0.18515625 0.115625 0.1203125
8 0.059375 0.31484375 0.0984375 0.103125
9 0.68671875 0.309375 0.1109375 0.1125
9 0.684375 0.56328125 0.1140625 0.1296875
1 0.43671875 0.8078125 0.115625 0.128125
7 0.559375 0.9390625 0.109375 0.121875
5 0.80859375 0.9328125 0.10625 0.103125