0 0.81328125 0.81171875 0.121875 0.1265625
0 0.81328125 0.565625 0.11875 0.1078125
8 0.8046875 0.43515625 0.1078125 0.103125
6 0.9375 0.43515625 0.121875 0.10625
11 0.9390625 0.1890625 0.115625 0.109375
10 0.93828125 0.059375 0.1140625 0.10625
2 0.81484375 0.18828125 0.1203125 0.115625
8 0.68515625 0.059375 0.103125 0.0984375
9 0.690625 0.68671875 0.1125 0.1109375
9 0.43671875 0.684375 0.1296875 0.1140625
1 0.1921875 0.43671875 0.128125 0.115625
7 0.0609375 0.559375 0.121875 0.109375
5 0.0671875 0.80859375 0.103125 0.1078125