0 0.18828125 0.18671875 0.1265625 0.12265625
0 0.434375 0.18671875 0.10703125 0.11953125
8 0.56484375 0.1953125 0.103125 0.1078125
6 0.56484375 0.0625 0.10625 0.121875
11 0.8109375 0.0609375 0.11015625 0.115625
10 0.940625 0.06171875 0.10703125 0.1140625
2 0.81171875 0.18515625 0.115625 0.1203125
8 0.940625 0.31484375 0.0984375 0.10390625
9 0.31328125 0.309375 0.1109375 0.11328125
9 0.315625 0.56328125 0.1140625 0.1296875
1 0.56328125 0.8078125 0.11484375 0.12734375
7 0.440625 0.9390625 0.11015625 0.121875
5 0.19140625 0.9328125 0.10703125 0.10390625