11 0.19296875 0.19140625 0.11796875 0.11171875
10 0.06640625 0.55703125 0.10859375 0.12265625
4 0.18671875 0.68359375 0.1171875 0.11484375
3 0.065625 0.815625 0.1046875 0.10703125
7 0.3171875 0.81328125 0.1140625 0.12421875
10 0.5671875 0.56328125 0.1015625 0.11171875
5 0.8125 0.6875 0.109375 0.11640625
1 0.56484375 0.06640625 0.11875 0.121875
4 0.8125 0.06328125 0.115625 0.12421875
9 0.940625 0.1921875 0.11875 0.11875
11 0.93984375 0.4328125 0.1203125 0.11015625
4 0.93828125 0.934375 0.1234375 0.13125
4 0.68828125 0.80703125 0.12109375 0.12890625
9 0.690625 0.93828125 0.11953125 0.1203125
2 0.565625 0.9375 0.11640625 0.125