11 0.80703125 0.19140625 0.11875 0.1125
10 0.93359375 0.55703125 0.109375 0.121875
4 0.81328125 0.68359375 0.1171875 0.115625
3 0.934375 0.815625 0.1046875 0.10625
7 0.6828125 0.81328125 0.1140625 0.125
10 0.4328125 0.56328125 0.1015625 0.1125
5 0.1875 0.6875 0.109375 0.115625
1 0.43515625 0.06640625 0.11875 0.121875
4 0.1875 0.06328125 0.115625 0.125
9 0.059375 0.1921875 0.11875 0.11875
11 0.06015625 0.4328125 0.1203125 0.109375
4 0.06171875 0.934375 0.1234375 0.13125
4 0.31171875 0.80703125 0.121875 0.128125
9 0.309375 0.93828125 0.11875 0.1203125
2 0.434375 0.9375 0.115625 0.125