11 0.80859375 0.19296875 0.1125 0.11875
10 0.44296875 0.06640625 0.121875 0.109375
4 0.31640625 0.18671875 0.115625 0.1171875
3 0.184375 0.065625 0.10625 0.1046875
7 0.18671875 0.3171875 0.125 0.1140625
10 0.43671875 0.5671875 0.1125 0.1015625
5 0.3125 0.8125 0.115625 0.109375
1 0.93359375 0.56484375 0.121875 0.11875
4 0.93671875 0.8125 0.125 0.115625
9 0.8078125 0.940625 0.11875 0.11875
11 0.5671875 0.93984375 0.109375 0.1203125
4 0.065625 0.93828125 0.13125 0.1234375
4 0.19296875 0.68828125 0.128125 0.121875
9 0.06171875 0.690625 0.1203125 0.11875
2 0.0625 0.565625 0.125 0.115625