5 0.3125 0.81328125 0.11875 0.1078125
0 0.44140625 0.6890625 0.1125 0.1109375
0 0.56015625 0.56328125 0.109375 0.1125
0 0.93671875 0.0640625 0.115625 0.1125
0 0.1890625 0.18515625 0.1125 0.10625
11 0.1890625 0.059375 0.11875 0.1125
1 0.0640625 0.4359375 0.115625 0.1109375
1 0.81328125 0.4375 0.121875 0.1171875
1 0.9375 0.5640625 0.1203125 0.109375
6 0.9390625 0.69140625 0.1125 0.11875
6 0.19140625 0.31484375 0.13125 0.11875
2 0.93671875 0.31484375 0.11875 0.1
7 0.8109375 0.93828125 0.10625 0.109375
10 0.4390625 0.56484375 0.109375 0.109375