5 0.18671875 0.3125 0.10703125 0.11796875
0 0.3109375 0.44140625 0.1109375 0.11328125
0 0.43671875 0.56015625 0.11171875 0.10859375
0 0.9359375 0.93671875 0.11171875 0.115625
0 0.81484375 0.1890625 0.10625 0.11328125
11 0.940625 0.1890625 0.11171875 0.11796875
1 0.5640625 0.0640625 0.1109375 0.11640625
1 0.5625 0.81328125 0.1171875 0.12109375
1 0.4359375 0.9375 0.11015625 0.1203125
6 0.30859375 0.9390625 0.11953125 0.11328125
6 0.68515625 0.19140625 0.11875 0.13125
2 0.68515625 0.93671875 0.10078125 0.11796875
7 0.06171875 0.8109375 0.109375 0.10703125
10 0.43515625 0.4390625 0.11015625 0.11015625