5 0.6875 0.81328125 0.11875 0.1078125
0 0.55859375 0.6890625 0.1125 0.1109375
0 0.43984375 0.56328125 0.109375 0.1125
0 0.06328125 0.0640625 0.115625 0.1125
0 0.8109375 0.18515625 0.1125 0.10625
11 0.8109375 0.059375 0.11875 0.1125
1 0.9359375 0.4359375 0.115625 0.1109375
1 0.18671875 0.4375 0.121875 0.1171875
1 0.0625 0.5640625 0.1203125 0.109375
6 0.0609375 0.69140625 0.1125 0.11875
6 0.80859375 0.31484375 0.13125 0.11875
2 0.06328125 0.31484375 0.11875 0.1
7 0.1890625 0.93828125 0.10625 0.109375
10 0.5609375 0.56484375 0.109375 0.109375