6 0.6890625 0.3140625 0.115625 0.1015625
6 0.940625 0.56171875 0.1125 0.115625
4 0.81484375 0.68515625 0.1171875 0.1234375
4 0.68984375 0.68984375 0.121875 0.1125
4 0.56328125 0.5609375 0.1171875 0.115625
1 0.68671875 0.5625 0.128125 0.11875
5 0.31484375 0.6875 0.11875 0.115625
3 0.31484375 0.3125 0.121875 0.1125
8 0.56171875 0.43671875 0.125 0.1140625
10 0.56328125 0.1890625 0.128125 0.1140625
0 0.3140625 0.9375 0.121875 0.125
11 0.1890625 0.6875 0.121875 0.1203125
7 0.43984375 0.81171875 0.11875 0.115625
2 0.0640625 0.8140625 0.128125 0.11875