6 0.3140625 0.3109375 0.1015625 0.11640625
6 0.56171875 0.059375 0.115625 0.1125
4 0.68515625 0.18515625 0.1234375 0.1171875
4 0.68984375 0.31015625 0.1125 0.12265625
4 0.5609375 0.43671875 0.11640625 0.1171875
1 0.5625 0.31328125 0.11953125 0.12890625
5 0.6875 0.68515625 0.115625 0.11953125
3 0.3125 0.68515625 0.11328125 0.12109375
8 0.43671875 0.43828125 0.1140625 0.12421875
10 0.1890625 0.43671875 0.1140625 0.12890625
0 0.9375 0.6859375 0.125 0.12109375
11 0.6875 0.8109375 0.11953125 0.121875
7 0.81171875 0.56015625 0.11484375 0.11796875
2 0.8140625 0.9359375 0.11875 0.128125