9 0.3078125 0.43984375 0.121875 0.1109375
9 0.8109375 0.8140625 0.11875 0.1140625
9 0.81328125 0.0609375 0.125 0.121875
6 0.5609375 0.1890625 0.115625 0.10625
6 0.06796875 0.43671875 0.115625 0.1109375
1 0.44453125 0.56015625 0.1125 0.10625
1 0.4390625 0.93203125 0.121875 0.10625
4 0.80859375 0.43984375 0.11875 0.11875
10 0.93984375 0.06640625 0.1203125 0.103125
0 0.065625 0.31484375 0.1140625 0.103125
2 0.43984375 0.68359375 0.1125 0.109375
7 0.1859375 0.68671875 0.1125 0.1
10 0.6859375 0.19140625 0.11875 0.084375
5 0.6890625 0.9421875 0.10625 0.1015625
8 0.43515625 0.815625 0.11875 0.09375