9 0.6921875 0.43984375 0.121875 0.1109375
9 0.1890625 0.8140625 0.11875 0.1140625
9 0.18671875 0.0609375 0.125 0.121875
6 0.4390625 0.1890625 0.115625 0.10625
6 0.93203125 0.43671875 0.115625 0.1109375
1 0.55546875 0.56015625 0.1125 0.10625
1 0.5609375 0.93203125 0.121875 0.10625
4 0.19140625 0.43984375 0.11875 0.11875
10 0.06015625 0.06640625 0.1203125 0.103125
0 0.934375 0.31484375 0.1140625 0.103125
2 0.56015625 0.68359375 0.1125 0.109375
7 0.8140625 0.68671875 0.1125 0.1
10 0.3140625 0.19140625 0.11875 0.084375
5 0.3109375 0.9421875 0.10625 0.1015625
8 0.56484375 0.815625 0.11875 0.09375