9 0.56015625 0.3078125 0.1109375 0.121875
9 0.1859375 0.8109375 0.11328125 0.11875
9 0.9390625 0.81328125 0.121875 0.12578125
6 0.8109375 0.5609375 0.10703125 0.11640625
6 0.56328125 0.06796875 0.1109375 0.11484375
1 0.43984375 0.44453125 0.10703125 0.1125
1 0.06796875 0.4390625 0.10625 0.12109375
4 0.56015625 0.80859375 0.11796875 0.11796875
10 0.93359375 0.93984375 0.10234375 0.1203125
0 0.68515625 0.065625 0.10234375 0.1140625
2 0.31640625 0.43984375 0.11015625 0.1125
7 0.31328125 0.1859375 0.1 0.11328125
10 0.80859375 0.6859375 0.08515625 0.11875
5 0.0578125 0.6890625 0.10078125 0.10703125
8 0.184375 0.43515625 0.09453125 0.11796875