11 0.18828125 0.1921875 0.115625 0.1125
11 0.81328125 0.55703125 0.1140625 0.1078125
5 0.6921875 0.56328125 0.1125 0.103125
5 0.43828125 0.4375 0.1140625 0.0875
10 0.3140625 0.06796875 0.1125 0.0828125
10 0.69375 0.1875 0.1078125 0.0859375
10 0.68671875 0.6859375 0.11875 0.1046875
10 0.68984375 0.81484375 0.103125 0.11875
4 0.8140625 0.81328125 0.11875 0.103125
4 0.93984375 0.93515625 0.1203125 0.11875
0 0.43515625 0.815625 0.1234375 0.103125
8 0.18984375 0.93046875 0.1234375 0.1046875
2 0.065625 0.559375 0.128125 0.128125
7 0.8140625 0.31015625 0.1140625 0.1171875
0 0.93828125 0.7984375 0.1125 0.0953125