8 0.43515625 0.43828125 0.10625 0.103125
5 0.440625 0.82265625 0.1109375 0.1015625
10 0.31875 0.81015625 0.109375 0.115625
8 0.06171875 0.809375 0.10625 0.121875
5 0.8125 0.8109375 0.109375 0.121875
8 0.8109375 0.5640625 0.1078125 0.1046875
1 0.9421875 0.5640625 0.1125 0.115625
9 0.9375 0.6875 0.115625 0.11875
6 0.9390625 0.9375 0.121875 0.121875
7 0.440625 0.93671875 0.10625 0.1234375
3 0.93984375 0.3171875 0.1203125 0.11875
11 0.93359375 0.18515625 0.115625 0.1234375
0 0.6859375 0.0625 0.103125 0.125
2 0.5609375 0.06015625 0.115625 0.11875