8 0.56171875 0.56484375 0.103125 0.10625
5 0.17734375 0.559375 0.1015625 0.1109375
10 0.18984375 0.68125 0.115625 0.109375
8 0.190625 0.93828125 0.121875 0.10625
5 0.1890625 0.1875 0.121875 0.109375
8 0.4359375 0.1890625 0.1046875 0.1078125
1 0.4359375 0.0578125 0.115625 0.1125
9 0.3125 0.0625 0.11875 0.115625
6 0.0625 0.0609375 0.121875 0.121875
7 0.06328125 0.559375 0.1234375 0.1046875
3 0.6828125 0.06015625 0.11875 0.1203125
11 0.81484375 0.06640625 0.1234375 0.115625
0 0.9375 0.3140625 0.125 0.103125
2 0.93984375 0.4390625 0.11875 0.115625