7 0.18125 0.0625 0.1375 0.11875
2 0.81015625 0.9359375 0.121875 0.1125
5 0.940625 0.9375 0.1046875 0.115625
5 0.4390625 0.4390625 0.1125 0.115625
10 0.690625 0.1890625 0.1171875 0.1125
10 0.3140625 0.56328125 0.10625 0.103125
3 0.5640625 0.315625 0.1125 0.09375
3 0.56484375 0.4375 0.103125 0.103125
3 0.315625 0.065625 0.1078125 0.096875
8 0.3171875 0.69140625 0.1015625 0.071875
8 0.1921875 0.684375 0.1125 0.0984375
11 0.065625 0.8171875 0.1109375 0.1046875
11 0.0625 0.56328125 0.109375 0.1171875
11 0.9375 0.68828125 0.125 0.1171875
4 0.68984375 0.43671875 0.1171875 0.11875