7 0.0625 0.18125 0.11875 0.13671875
2 0.9359375 0.81015625 0.1125 0.12109375
5 0.9375 0.940625 0.11640625 0.1046875
5 0.4390625 0.4390625 0.11640625 0.11328125
10 0.1890625 0.690625 0.11328125 0.1171875
10 0.56328125 0.3140625 0.103125 0.10703125
3 0.315625 0.5640625 0.09296875 0.11328125
3 0.4375 0.56484375 0.10234375 0.103125
3 0.065625 0.315625 0.09609375 0.1078125
8 0.69140625 0.3171875 0.07109375 0.1015625
8 0.684375 0.1921875 0.09765625 0.11328125
11 0.8171875 0.065625 0.10546875 0.1109375
11 0.56328125 0.0625 0.1171875 0.11015625
11 0.68828125 0.9375 0.1171875 0.125
4 0.43671875 0.68984375 0.11796875 0.1171875