7 0.81875 0.9375 0.1375 0.11875
2 0.18984375 0.0640625 0.121875 0.1125
5 0.059375 0.0625 0.1046875 0.115625
5 0.5609375 0.5609375 0.1125 0.115625
10 0.309375 0.8109375 0.1171875 0.1125
10 0.6859375 0.43671875 0.10625 0.103125
3 0.4359375 0.684375 0.1125 0.09375
3 0.43515625 0.5625 0.103125 0.103125
3 0.684375 0.934375 0.1078125 0.096875
8 0.6828125 0.30859375 0.1015625 0.071875
8 0.8078125 0.315625 0.1125 0.096875
11 0.934375 0.1828125 0.1109375 0.10625
11 0.9375 0.43671875 0.109375 0.1171875
11 0.0625 0.31171875 0.125 0.1171875
4 0.31015625 0.56328125 0.1171875 0.11875