11 0.5671875 0.06875 0.1078125 0.1109375
4 0.68515625 0.18984375 0.12265625 0.12890625
9 0.81328125 0.1859375 0.10625 0.13046875
10 0.81015625 0.06171875 0.10859375 0.11484375
5 0.43984375 0.3140625 0.10546875 0.11640625
11 0.4375 0.43984375 0.11328125 0.115625
11 0.43984375 0.56328125 0.1125 0.11171875
6 0.19140625 0.5609375 0.1296875 0.1140625
4 0.18828125 0.4359375 0.1265625 0.13046875
2 0.81171875 0.5625 0.1109375 0.1125
1 0.81796875 0.8109375 0.12109375 0.125
0 0.56484375 0.93984375 0.11484375 0.1203125
7 0.190625 0.1859375 0.0984375 0.10625