1 0.190625 0.68671875 0.1125 0.1125
1 0.434375 0.4359375 0.1328125 0.121875
1 0.31171875 0.1875 0.128125 0.125
1 0.69140625 0.4359375 0.121875 0.1125
11 0.6875 0.190625 0.11875 0.115625
9 0.31484375 0.68828125 0.1140625 0.109375
9 0.06171875 0.0640625 0.1171875 0.109375
7 0.065625 0.9421875 0.121875 0.115625
6 0.68984375 0.93671875 0.1171875 0.11875
8 0.81171875 0.940625 0.10625 0.0953125
8 0.30703125 0.06171875 0.1 0.090625
3 0.43359375 0.1875 0.0953125 0.08125
2 0.565625 0.4359375 0.121875 0.1015625
10 0.81171875 0.8109375 0.1125 0.1015625
0 0.93828125 0.43515625 0.10625 0.10625