1 0.31328125 0.809375 0.11171875 0.11328125
1 0.5640625 0.565625 0.12109375 0.1328125
1 0.8125 0.68828125 0.125 0.12734375
1 0.5640625 0.30859375 0.11328125 0.12265625
11 0.809375 0.3125 0.11484375 0.11953125
9 0.31171875 0.68515625 0.10859375 0.1140625
9 0.9359375 0.93828125 0.109375 0.1171875
7 0.0578125 0.934375 0.115625 0.121875
6 0.06328125 0.31015625 0.11796875 0.1171875
8 0.059375 0.18828125 0.0953125 0.10625
8 0.93828125 0.69296875 0.090625 0.1
3 0.8125 0.56640625 0.08125 0.0953125
2 0.5640625 0.434375 0.1015625 0.121875
10 0.1890625 0.18828125 0.1015625 0.11171875
0 0.56484375 0.06171875 0.10546875 0.10546875