0 0.18671875 0.18828125 0.11875 0.1265625
0 0.6859375 0.43671875 0.1109375 0.1140625
0 0.68359375 0.56328125 0.121875 0.11875
0 0.684375 0.68515625 0.11640625 0.12265625
0 0.56484375 0.68515625 0.11015625 0.11640625
4 0.9375 0.31328125 0.125 0.11875
9 0.5609375 0.06328125 0.1171875 0.1171875
9 0.8109375 0.9375 0.1171875 0.125
8 0.1875 0.68828125 0.11484375 0.11015625
4 0.4375 0.5625 0.11640625 0.11875
2 0.56171875 0.81171875 0.12265625 0.12109375
7 0.559375 0.18828125 0.11328125 0.11171875
10 0.06171875 0.3109375 0.1046875 0.11015625