11 0.68828125 0.4375 0.11796875 0.125
11 0.1875 0.81171875 0.121875 0.1171875
11 0.9390625 0.9375 0.121875 0.125
11 0.81171875 0.06484375 0.11796875 0.1203125
11 0.940625 0.06328125 0.11640625 0.12109375
10 0.5625 0.06484375 0.1015625 0.10546875
10 0.56171875 0.30546875 0.10234375 0.11953125
2 0.43671875 0.56171875 0.11171875 0.1140625
0 0.1921875 0.190625 0.1078125 0.12265625
0 0.4390625 0.93828125 0.11328125 0.1234375
3 0.684375 0.815625 0.09296875 0.1015625
3 0.80859375 0.6859375 0.10234375 0.1140625
3 0.9375 0.8125 0.1078125 0.11953125
3 0.0625 0.56484375 0.09609375 0.11484375
7 0.0625 0.4328125 0.11640625 0.11875