11 0.5625 0.68828125 0.125 0.11875
11 0.18828125 0.1875 0.1171875 0.121875
11 0.0625 0.9390625 0.125 0.121875
11 0.93515625 0.81171875 0.1203125 0.1171875
11 0.93671875 0.940625 0.121875 0.115625
10 0.93515625 0.5625 0.10625 0.1015625
10 0.69453125 0.56171875 0.11875 0.103125
2 0.43828125 0.43671875 0.1140625 0.1125
0 0.809375 0.1921875 0.121875 0.1078125
0 0.06171875 0.4390625 0.1234375 0.1125
3 0.184375 0.684375 0.1015625 0.09375
3 0.3140625 0.80859375 0.1140625 0.103125
3 0.1875 0.9375 0.11875 0.1078125
3 0.43515625 0.0625 0.115625 0.096875
7 0.5671875 0.0625 0.11875 0.115625