0 0.9359375 0.3109375 0.1109375 0.115625
0 0.93828125 0.6859375 0.1234375 0.10625
0 0.93828125 0.93515625 0.1234375 0.1046875
2 0.6890625 0.93359375 0.115625 0.1171875
5 0.94375 0.56171875 0.1109375 0.09375
5 0.0671875 0.93828125 0.1125 0.0984375
3 0.68984375 0.5640625 0.1125 0.084375
9 0.4421875 0.31484375 0.1125 0.10625
11 0.4375 0.065625 0.109375 0.0984375
8 0.19296875 0.0609375 0.1015625 0.078125
8 0.1921875 0.1875 0.10625 0.096875
10 0.19296875 0.6859375 0.1 0.0953125
6 0.0625 0.68984375 0.1125 0.090625
7 0.1875 0.93671875 0.1125 0.1140625