0 0.3109375 0.9359375 0.115625 0.1109375
0 0.6859375 0.93828125 0.10703125 0.1234375
0 0.93515625 0.93828125 0.1046875 0.1234375
2 0.93359375 0.6890625 0.1171875 0.11640625
5 0.56171875 0.94375 0.09453125 0.1109375
5 0.93828125 0.0671875 0.09765625 0.11171875
3 0.5640625 0.68984375 0.08359375 0.1125
9 0.31484375 0.4421875 0.10703125 0.11171875
11 0.065625 0.4375 0.0984375 0.11015625
8 0.0609375 0.19296875 0.07734375 0.1015625
8 0.1875 0.1921875 0.09765625 0.10546875
10 0.6859375 0.19296875 0.0953125 0.10078125
6 0.68984375 0.0625 0.090625 0.11328125
7 0.93671875 0.1875 0.1140625 0.11328125