8 0.67890625 0.18828125 0.1109375 0.096875
7 0.184375 0.3125 0.115625 0.1140625
4 0.56328125 0.43984375 0.1203125 0.11875
4 0.18671875 0.9390625 0.1125 0.109375
0 0.31171875 0.5625 0.115625 0.1125
5 0.18203125 0.5625 0.109375 0.0984375
3 0.434375 0.68828125 0.109375 0.09375
3 0.43125 0.9421875 0.109375 0.1015625
5 0.6796875 0.9390625 0.109375 0.1046875
2 0.93984375 0.684375 0.1203125 0.10625
10 0.05859375 0.6921875 0.115625 0.09375
9 0.0625 0.93984375 0.121875 0.1125
11 0.5609375 0.8109375 0.1125 0.109375
6 0.81171875 0.559375 0.1171875 0.1125
6 0.93671875 0.8140625 0.1125 0.1078125