8 0.18828125 0.32109375 0.09765625 0.1109375
7 0.3125 0.815625 0.1140625 0.11640625
4 0.43984375 0.43671875 0.11796875 0.1203125
4 0.9390625 0.81328125 0.11015625 0.11171875
0 0.5625 0.68828125 0.11328125 0.11484375
5 0.5625 0.81796875 0.0984375 0.109375
3 0.68828125 0.565625 0.09375 0.10859375
3 0.9421875 0.56875 0.1015625 0.10859375
5 0.9390625 0.3203125 0.1046875 0.11015625
2 0.684375 0.06015625 0.10703125 0.1203125
10 0.6921875 0.94140625 0.09375 0.11484375
9 0.93984375 0.9375 0.11171875 0.121875
11 0.8109375 0.4390625 0.109375 0.11328125
6 0.559375 0.18828125 0.1125 0.1171875
6 0.8140625 0.06328125 0.10859375 0.11171875