1 0.1859375 0.18828125 0.11875 0.109375
0 0.1828125 0.4421875 0.1125 0.1046875
0 0.5625 0.3078125 0.103125 0.1046875
0 0.81484375 0.5609375 0.103125 0.1125
0 0.94296875 0.31484375 0.103125 0.1
6 0.93515625 0.06015625 0.109375 0.1078125
10 0.4359375 0.43671875 0.109375 0.0828125
10 0.06484375 0.6859375 0.1 0.075
5 0.5609375 0.18515625 0.109375 0.078125
8 0.81640625 0.3109375 0.1015625 0.0984375
8 0.81796875 0.81015625 0.1 0.0953125
2 0.809375 0.93828125 0.109375 0.103125
4 0.93984375 0.6875 0.1203125 0.1296875
7 0.309375 0.05546875 0.125 0.1109375