1 0.18828125 0.1859375 0.109375 0.11953125
0 0.4421875 0.1828125 0.1046875 0.11328125
0 0.3078125 0.5625 0.1046875 0.10234375
0 0.5609375 0.81484375 0.11328125 0.103125
0 0.31484375 0.94296875 0.10078125 0.103125
6 0.06015625 0.93515625 0.1078125 0.109375
10 0.43671875 0.4359375 0.0828125 0.109375
10 0.6859375 0.06484375 0.075 0.10078125
5 0.18515625 0.5609375 0.07890625 0.109375
8 0.3109375 0.81640625 0.0984375 0.1015625
8 0.81015625 0.81796875 0.09453125 0.10078125
2 0.93828125 0.809375 0.10234375 0.11015625
4 0.6875 0.93984375 0.1296875 0.1203125
7 0.05546875 0.309375 0.1109375 0.125