1 0.8140625 0.18828125 0.11875 0.109375
0 0.8171875 0.4421875 0.1125 0.1046875
0 0.4375 0.3078125 0.103125 0.1046875
0 0.18515625 0.5609375 0.103125 0.1125
0 0.05703125 0.31484375 0.103125 0.1
6 0.06484375 0.06015625 0.109375 0.1078125
10 0.5640625 0.43671875 0.109375 0.0828125
10 0.93515625 0.6859375 0.1 0.075
5 0.4390625 0.18515625 0.109375 0.078125
8 0.18359375 0.3109375 0.1015625 0.0984375
8 0.18203125 0.81015625 0.1 0.0953125
2 0.190625 0.93828125 0.109375 0.103125
4 0.06015625 0.6875 0.1203125 0.1296875
7 0.690625 0.05546875 0.125 0.1109375