11 0.18671875 0.190625 0.1109375 0.1171875
11 0.93984375 0.18671875 0.096875 0.10859375
2 0.9390625 0.31171875 0.1140625 0.1140625
7 0.6859375 0.434375 0.11328125 0.1078125
6 0.31484375 0.43984375 0.1125 0.1171875
6 0.4375 0.93828125 0.11328125 0.1234375
1 0.4375 0.81484375 0.1078125 0.1171875
1 0.68515625 0.1890625 0.1171875 0.13046875
1 0.81328125 0.06484375 0.109375 0.1234375
1 0.93828125 0.68671875 0.1140625 0.1296875
5 0.8125 0.81484375 0.0984375 0.1140625
8 0.68984375 0.68828125 0.115625 0.115625
8 0.18671875 0.6921875 0.09453125 0.11484375