5 0.9390625 0.18984375 0.109375 0.11875
5 0.81953125 0.68828125 0.1015625 0.1125
5 0.5609375 0.6890625 0.1 0.1078125
5 0.0625 0.81484375 0.0984375 0.1125
2 0.43671875 0.9390625 0.1125 0.121875
4 0.6875 0.9390625 0.1078125 0.11875
4 0.6828125 0.6890625 0.115625 0.1109375
0 0.81640625 0.94296875 0.1140625 0.1125
0 0.93828125 0.8171875 0.10625 0.1140625
0 0.940625 0.440625 0.1046875 0.115625
3 0.19140625 0.44453125 0.1078125 0.1
1 0.184375 0.0671875 0.11875 0.1140625
10 0.559375 0.31875 0.1125 0.109375
11 0.815625 0.3140625 0.115625 0.1171875
7 0.93984375 0.9421875 0.10625 0.1140625