5 0.0609375 0.18984375 0.11015625 0.11875
5 0.18046875 0.68828125 0.1015625 0.1125
5 0.4390625 0.6890625 0.09921875 0.1078125
5 0.9375 0.81484375 0.0984375 0.11171875
2 0.56328125 0.9390625 0.1125 0.121875
4 0.3125 0.9390625 0.1078125 0.11953125
4 0.3171875 0.6890625 0.11640625 0.1109375
0 0.18359375 0.94296875 0.1140625 0.11171875
0 0.06171875 0.8171875 0.10546875 0.1140625
0 0.059375 0.440625 0.1046875 0.11640625
3 0.80859375 0.44453125 0.1078125 0.1
1 0.815625 0.0671875 0.11875 0.1140625
10 0.440625 0.31875 0.11328125 0.10859375
11 0.184375 0.3140625 0.115625 0.1171875
7 0.06015625 0.9421875 0.10546875 0.1140625