11 0.81328125 0.190625 0.1109375 0.1171875
11 0.06015625 0.18671875 0.096875 0.109375
2 0.0609375 0.31171875 0.1140625 0.1140625
7 0.3140625 0.434375 0.1125 0.1078125
6 0.68515625 0.43984375 0.1125 0.1171875
6 0.5625 0.93828125 0.1125 0.1234375
1 0.5625 0.81484375 0.1078125 0.1171875
1 0.31484375 0.1890625 0.1171875 0.13125
1 0.18671875 0.06484375 0.109375 0.1234375
1 0.06171875 0.68671875 0.1140625 0.1296875
5 0.1875 0.81484375 0.0984375 0.1140625
8 0.31015625 0.68828125 0.115625 0.115625
8 0.81328125 0.6921875 0.09375 0.115625