4 0.4375 0.30859375 0.1109375 0.1203125
4 0.06171875 0.18828125 0.109375 0.109375
3 0.30703125 0.5640625 0.10625 0.0984375
3 0.1859375 0.684375 0.1125 0.0984375
0 0.55625 0.68828125 0.10625 0.115625
0 0.80859375 0.55703125 0.109375 0.11875
2 0.0609375 0.56171875 0.115625 0.1171875
10 0.93671875 0.81015625 0.109375 0.0984375
10 0.690625 0.4484375 0.0984375 0.115625
8 0.8078125 0.8125 0.0984375 0.08125
11 0.059375 0.4359375 0.115625 0.1046875
11 0.31796875 0.9359375 0.11875 0.11875
11 0.5609375 0.31328125 0.1140625 0.1234375
8 0.18046875 0.94140625 0.1 0.078125
7 0.68125 0.0625 0.109375 0.1125