4 0.4375 0.69140625 0.1109375 0.1203125
4 0.06171875 0.81171875 0.109375 0.1109375
3 0.30703125 0.4359375 0.10625 0.0984375
3 0.1859375 0.315625 0.1125 0.096875
0 0.55625 0.31171875 0.10625 0.115625
0 0.80859375 0.44296875 0.109375 0.11875
2 0.0609375 0.43828125 0.115625 0.1171875
10 0.93671875 0.18984375 0.109375 0.1
10 0.690625 0.5515625 0.0984375 0.115625
8 0.8078125 0.1875 0.0984375 0.08125
11 0.059375 0.5640625 0.115625 0.1046875
11 0.31796875 0.0640625 0.11875 0.11875
11 0.5609375 0.68671875 0.1140625 0.1234375
8 0.18046875 0.05859375 0.1 0.078125
7 0.68125 0.9375 0.109375 0.1125