4 0.30859375 0.5625 0.1203125 0.1109375
4 0.18828125 0.93828125 0.11015625 0.109375
3 0.5640625 0.69296875 0.0984375 0.10703125
3 0.684375 0.8140625 0.09765625 0.11328125
0 0.68828125 0.44375 0.11484375 0.10546875
0 0.55703125 0.19140625 0.11875 0.10859375
2 0.56171875 0.9390625 0.1171875 0.11640625
10 0.81015625 0.06328125 0.09921875 0.109375
10 0.4484375 0.309375 0.11484375 0.0984375
8 0.8125 0.1921875 0.08125 0.0984375
11 0.4359375 0.940625 0.1046875 0.11640625
11 0.9359375 0.68203125 0.11875 0.11953125
11 0.31328125 0.4390625 0.1234375 0.1140625
8 0.94140625 0.81953125 0.07734375 0.10078125
7 0.0625 0.31875 0.1125 0.11015625