0 0.3140625 0.43359375 0.125 0.10625
11 0.4359375 0.5640625 0.121875 0.121875
1 0.4375 0.06015625 0.11875 0.10625
6 0.5609375 0.1890625 0.115625 0.11875
6 0.81015625 0.93984375 0.1140625 0.1
0 0.684375 0.93984375 0.1125 0.109375
0 0.684375 0.06484375 0.10625 0.1078125
11 0.81328125 0.190625 0.115625 0.1125
1 0.93984375 0.065625 0.1171875 0.115625
3 0.815625 0.440625 0.1125 0.115625
3 0.69296875 0.31171875 0.115625 0.1
8 0.684375 0.8078125 0.121875 0.075
2 0.6875 0.43984375 0.121875 0.109375
7 0.19375 0.81484375 0.10625 0.096875