0 0.56640625 0.3140625 0.10625 0.125
11 0.4359375 0.4359375 0.121875 0.12265625
1 0.93984375 0.4375 0.10546875 0.11875
6 0.8109375 0.5609375 0.11875 0.115625
6 0.06015625 0.81015625 0.09921875 0.1140625
0 0.06015625 0.684375 0.109375 0.1125
0 0.93515625 0.684375 0.1078125 0.10703125
11 0.809375 0.81328125 0.1125 0.115625
1 0.934375 0.93984375 0.11484375 0.1171875
3 0.559375 0.815625 0.11640625 0.11328125
3 0.68828125 0.69296875 0.09921875 0.11484375
8 0.1921875 0.684375 0.07578125 0.12109375
2 0.56015625 0.6875 0.109375 0.121875
7 0.18515625 0.19375 0.096875 0.10546875