0 0.6859375 0.56640625 0.125 0.10625
11 0.5640625 0.4359375 0.121875 0.121875
1 0.5625 0.93984375 0.11875 0.10625
6 0.4390625 0.8109375 0.115625 0.11875
6 0.18984375 0.06015625 0.1140625 0.1
0 0.315625 0.06015625 0.1125 0.109375
0 0.315625 0.93515625 0.10625 0.1078125
11 0.18671875 0.809375 0.115625 0.1125
1 0.06015625 0.934375 0.1171875 0.115625
3 0.184375 0.559375 0.1125 0.115625
3 0.30703125 0.68828125 0.115625 0.1
8 0.315625 0.1921875 0.121875 0.075
2 0.3125 0.56015625 0.121875 0.109375
7 0.80625 0.18515625 0.10625 0.096875