2 0.8125 0.18515625 0.11875 0.11953125
7 0.56015625 0.5578125 0.11484375 0.11796875
11 0.6890625 0.43671875 0.115625 0.1234375
11 0.9390625 0.8109375 0.115625 0.11875
11 0.81171875 0.9359375 0.11796875 0.128125
1 0.3140625 0.315625 0.11953125 0.1109375
1 0.4390625 0.3140625 0.1109375 0.1140625
1 0.56328125 0.30703125 0.109375 0.11171875
1 0.1890625 0.68984375 0.12265625 0.11484375
8 0.18984375 0.4375 0.09765625 0.11328125
3 0.43828125 0.5609375 0.09375 0.1125
5 0.18515625 0.93984375 0.1203125 0.1203125
5 0.4375 0.18828125 0.11875 0.11484375
4 0.18828125 0.18828125 0.115625 0.12734375
10 0.8109375 0.31640625 0.09140625 0.11171875