10 0.81171875 0.18828125 0.1125 0.1234375
4 0.559375 0.1890625 0.11875 0.128125
8 0.5578125 0.43828125 0.109375 0.125
0 0.8109375 0.68828125 0.11875 0.13125
10 0.93359375 0.8171875 0.10625 0.11875
11 0.8171875 0.9359375 0.0953125 0.128125
11 0.3140625 0.9375 0.115625 0.125
11 0.19453125 0.9390625 0.1109375 0.121875
0 0.06328125 0.43984375 0.1203125 0.121875
2 0.190625 0.5609375 0.121875 0.115625
1 0.18828125 0.6875 0.128125 0.121875
5 0.43671875 0.5671875 0.1125 0.121875
1 0.434375 0.4375 0.1078125 0.1125
7 0.1828125 0.3140625 0.115625 0.1140625
10 0.0640625 0.30625 0.1 0.121875