10 0.18828125 0.18828125 0.1234375 0.1125
4 0.1890625 0.440625 0.128125 0.11875
8 0.43828125 0.4421875 0.125 0.109375
0 0.68828125 0.1890625 0.13125 0.11875
10 0.8171875 0.06640625 0.11875 0.10625
11 0.9359375 0.1828125 0.128125 0.0953125
11 0.9375 0.6859375 0.125 0.115625
11 0.9390625 0.80546875 0.121875 0.1109375
0 0.43984375 0.93671875 0.121875 0.1203125
2 0.5609375 0.809375 0.115625 0.121875
1 0.6875 0.81171875 0.121875 0.128125
5 0.5671875 0.56328125 0.121875 0.1125
1 0.4375 0.565625 0.1125 0.1078125
7 0.3140625 0.8171875 0.1140625 0.1171875
10 0.30625 0.9359375 0.121875 0.1015625