10 0.18828125 0.18828125 0.11171875 0.1234375
4 0.440625 0.1890625 0.11953125 0.12734375
8 0.4421875 0.43828125 0.11015625 0.12421875
0 0.1890625 0.68828125 0.11875 0.13203125
10 0.06640625 0.8171875 0.10546875 0.11953125
11 0.1828125 0.9359375 0.0953125 0.12734375
11 0.6859375 0.9375 0.11640625 0.125
11 0.80546875 0.9390625 0.1109375 0.121875
0 0.93671875 0.43984375 0.1203125 0.12109375
2 0.809375 0.5609375 0.12109375 0.115625
1 0.81171875 0.6875 0.12890625 0.121875
5 0.56328125 0.5671875 0.11171875 0.12265625
1 0.565625 0.4375 0.1078125 0.1125
7 0.8171875 0.3140625 0.11640625 0.1140625
10 0.9359375 0.30625 0.10078125 0.12109375