10 0.1875 0.1875 0.12578125 0.13046875
10 0.6875 0.18671875 0.125 0.12421875
10 0.68984375 0.6859375 0.11875 0.12421875
9 0.4375 0.4359375 0.12265625 0.125
11 0.06328125 0.3109375 0.11484375 0.12109375
8 0.9375 0.43515625 0.121875 0.1296875
7 0.0625 0.5578125 0.125 0.13515625
1 0.06640625 0.69140625 0.125 0.115625
8 0.06484375 0.81171875 0.109375 0.1140625
5 0.315625 0.8109375 0.11640625 0.1125
2 0.18984375 0.9328125 0.12109375 0.115625
3 0.934375 0.8109375 0.09765625 0.12109375
5 0.93359375 0.93671875 0.1171875 0.1171875