8 0.93828125 0.31796875 0.0734375 0.109375
8 0.69296875 0.6921875 0.08125 0.1015625
8 0.56484375 0.19375 0.08125 0.1109375
8 0.3125 0.44765625 0.0921875 0.10625
8 0.1875 0.6953125 0.090625 0.103125
5 0.06171875 0.5671875 0.1234375 0.125
3 0.06171875 0.1890625 0.10625 0.1140625
0 0.1828125 0.9375 0.0953125 0.125
0 0.94140625 0.93828125 0.096875 0.115625
2 0.44140625 0.93828125 0.090625 0.1234375
10 0.43125 0.81875 0.08125 0.1109375
7 0.68984375 0.31171875 0.115625 0.11875
9 0.43828125 0.1921875 0.096875 0.115625