8 0.06171875 0.31796875 0.0734375 0.109375
8 0.30703125 0.6921875 0.08125 0.1015625
8 0.43515625 0.19375 0.08125 0.1109375
8 0.6875 0.44765625 0.0921875 0.10703125
8 0.8125 0.6953125 0.09140625 0.10234375
5 0.93828125 0.5671875 0.1234375 0.125
3 0.93828125 0.1890625 0.10546875 0.1140625
0 0.8171875 0.9375 0.0953125 0.125
0 0.05859375 0.93828125 0.096875 0.11484375
2 0.55859375 0.93828125 0.090625 0.1234375
10 0.56875 0.81875 0.08125 0.1109375
7 0.31015625 0.31171875 0.11484375 0.11953125
9 0.56171875 0.1921875 0.096875 0.115625