8 0.31796875 0.06171875 0.109375 0.0734375
8 0.6921875 0.30703125 0.1015625 0.08125
8 0.19375 0.43515625 0.1109375 0.08125
8 0.44765625 0.6875 0.10625 0.0921875
8 0.6953125 0.8125 0.103125 0.090625
5 0.5671875 0.93828125 0.125 0.1234375
3 0.1890625 0.93828125 0.1140625 0.10625
0 0.9375 0.8171875 0.125 0.0953125
0 0.93828125 0.05859375 0.115625 0.096875
2 0.93828125 0.55859375 0.1234375 0.090625
10 0.81875 0.56875 0.1109375 0.08125
7 0.31171875 0.31015625 0.11875 0.115625
9 0.1921875 0.56171875 0.115625 0.096875