2 0.4375 0.315625 0.12265625 0.11953125
10 0.3125 0.56328125 0.10234375 0.11796875
1 0.06171875 0.31953125 0.1078125 0.115625
1 0.6828125 0.68515625 0.10703125 0.11953125
1 0.940625 0.684375 0.11015625 0.12109375
3 0.93828125 0.3109375 0.1234375 0.125
8 0.5625 0.3203125 0.1078125 0.1265625
8 0.68984375 0.18671875 0.109375 0.12265625
8 0.434375 0.4328125 0.10078125 0.11640625
8 0.43828125 0.8125 0.11796875 0.1171875
7 0.3109375 0.80546875 0.09296875 0.10703125
5 0.1875 0.81484375 0.109375 0.11796875
11 0.18671875 0.9375 0.10078125 0.1109375
9 0.5640625 0.81484375 0.10546875 0.1171875