2 0.5625 0.315625 0.121875 0.11875
10 0.6875 0.56328125 0.103125 0.11875
1 0.93828125 0.31953125 0.1078125 0.115625
1 0.3171875 0.68515625 0.10625 0.11875
1 0.059375 0.684375 0.109375 0.121875
3 0.06171875 0.3109375 0.1234375 0.125
8 0.4375 0.3203125 0.1078125 0.1265625
8 0.31015625 0.18671875 0.109375 0.121875
8 0.565625 0.4328125 0.1 0.115625
8 0.56171875 0.8125 0.11875 0.1171875
7 0.6890625 0.80546875 0.09375 0.10625
5 0.8125 0.81484375 0.109375 0.11875
11 0.81328125 0.9375 0.1 0.1109375
9 0.4359375 0.81484375 0.10625 0.1171875