7 0.31328125 0.0640625 0.11875 0.109375
4 0.4359375 0.18828125 0.115625 0.125
4 0.3109375 0.309375 0.11875 0.1125
4 0.821875 0.31328125 0.1328125 0.1296875
4 0.30625 0.8109375 0.1125 0.115625
10 0.6859375 0.8171875 0.1125 0.084375
10 0.690625 0.93828125 0.1125 0.090625
2 0.56484375 0.31328125 0.1171875 0.1171875
0 0.43828125 0.4375 0.1125 0.1109375
0 0.93828125 0.6859375 0.1234375 0.109375
8 0.68671875 0.56640625 0.1171875 0.0921875
8 0.5609375 0.94140625 0.109375 0.096875
1 0.1875 0.93515625 0.121875 0.11875
1 0.55703125 0.0640625 0.1171875 0.0984375