7 0.0640625 0.31328125 0.11015625 0.11796875
4 0.18828125 0.4359375 0.12421875 0.11640625
4 0.309375 0.3109375 0.11328125 0.11875
4 0.31328125 0.821875 0.1296875 0.1328125
4 0.8109375 0.30625 0.115625 0.11328125
10 0.8171875 0.6859375 0.08359375 0.11328125
10 0.93828125 0.690625 0.090625 0.11171875
2 0.31328125 0.56484375 0.1171875 0.1171875
0 0.4375 0.43828125 0.1109375 0.11171875
0 0.6859375 0.93828125 0.11015625 0.1234375
8 0.56640625 0.68671875 0.0921875 0.1171875
8 0.94140625 0.5609375 0.096875 0.11015625
1 0.93515625 0.1875 0.11796875 0.121875
1 0.0640625 0.55703125 0.0984375 0.1171875