7 0.9359375 0.31328125 0.109375 0.11875
4 0.81171875 0.4359375 0.125 0.115625
4 0.690625 0.3109375 0.1125 0.11875
4 0.68671875 0.821875 0.1296875 0.1328125
4 0.1890625 0.30625 0.115625 0.1125
10 0.1828125 0.6859375 0.084375 0.1125
10 0.06171875 0.690625 0.090625 0.1125
2 0.68671875 0.56484375 0.1171875 0.1171875
0 0.5625 0.43828125 0.1109375 0.1125
0 0.3140625 0.93828125 0.109375 0.1234375
8 0.43359375 0.68671875 0.0921875 0.1171875
8 0.05859375 0.5609375 0.096875 0.109375
1 0.06484375 0.1875 0.11875 0.121875
1 0.9359375 0.55703125 0.0984375 0.1171875