3 0.684375 0.3125 0.0890625 0.115625
1 0.05859375 0.1921875 0.11171875 0.125
5 0.06171875 0.31484375 0.11171875 0.11171875
5 0.81171875 0.6828125 0.09921875 0.11328125
1 0.93515625 0.56015625 0.096875 0.1203125
1 0.4359375 0.93984375 0.1015625 0.103125
3 0.4390625 0.815625 0.10390625 0.09921875
8 0.190625 0.81953125 0.10234375 0.1
8 0.8140625 0.43828125 0.0875 0.10859375
7 0.4375 0.56328125 0.121875 0.11796875
9 0.06796875 0.6859375 0.1 0.11015625
10 0.1890625 0.44296875 0.10390625 0.10625
10 0.9375 0.9390625 0.0953125 0.121875
2 0.6828125 0.9359375 0.10703125 0.11328125