3 0.3125 0.315625 0.115625 0.0890625
1 0.1921875 0.94140625 0.125 0.1125
5 0.31484375 0.93828125 0.1125 0.1125
5 0.6828125 0.18828125 0.1125 0.1
1 0.56015625 0.06484375 0.1203125 0.096875
1 0.93984375 0.5640625 0.103125 0.1015625
3 0.815625 0.5609375 0.1 0.103125
8 0.81953125 0.809375 0.1 0.103125
8 0.43828125 0.1859375 0.109375 0.0875
7 0.56328125 0.5625 0.11875 0.121875
9 0.6859375 0.93203125 0.109375 0.1
10 0.44296875 0.8109375 0.10625 0.103125
10 0.9390625 0.0625 0.121875 0.0953125
2 0.9359375 0.3171875 0.1125 0.10625