11 0.06875 0.18671875 0.084375 0.10625
3 0.06640625 0.3109375 0.1 0.121875
5 0.18984375 0.31171875 0.096875 0.115625
3 0.31640625 0.31015625 0.0828125 0.1125
1 0.44375 0.4328125 0.090625 0.121875
7 0.309375 0.55625 0.10625 0.109375
5 0.4359375 0.68671875 0.1046875 0.109375
10 0.690625 0.68203125 0.096875 0.121875
2 0.68515625 0.184375 0.1125 0.1125
6 0.56640625 0.9390625 0.096875 0.121875
1 0.4390625 0.9359375 0.096875 0.128125
8 0.31484375 0.81171875 0.096875 0.1203125
6 0.059375 0.8046875 0.1125 0.1265625
6 0.0578125 0.93515625 0.0984375 0.1140625