1 0.9359375 0.94140625 0.1109375 0.115625
1 0.93828125 0.31796875 0.1125 0.1125
0 0.6875 0.6859375 0.1109375 0.11875
0 0.68515625 0.18828125 0.1125 0.1140625
11 0.5671875 0.4375 0.1125 0.10625
0 0.18984375 0.43671875 0.1140625 0.10625
0 0.06171875 0.56328125 0.1234375 0.1203125
1 0.3140625 0.684375 0.11875 0.1140625
6 0.56328125 0.5609375 0.1171875 0.115625
6 0.9359375 0.68671875 0.1015625 0.103125
7 0.31171875 0.93515625 0.115625 0.10625
2 0.934375 0.1890625 0.115625 0.115625
11 0.9359375 0.0640625 0.121875 0.1125
3 0.4328125 0.5640625 0.1125 0.0890625
10 0.934375 0.43359375 0.1109375 0.1