1 0.05859375 0.0640625 0.11640625 0.1109375
1 0.68203125 0.06171875 0.11171875 0.11171875
0 0.3140625 0.3125 0.11875 0.1109375
0 0.81171875 0.31484375 0.1140625 0.11171875
11 0.5625 0.4328125 0.10703125 0.11328125
0 0.56328125 0.81015625 0.10625 0.1140625
0 0.43671875 0.93828125 0.1203125 0.1234375
1 0.315625 0.6859375 0.1140625 0.11875
6 0.4390625 0.43671875 0.11640625 0.1171875
6 0.31328125 0.0640625 0.103125 0.1015625
7 0.06484375 0.68828125 0.10625 0.11484375
2 0.8109375 0.065625 0.11640625 0.11640625
11 0.9359375 0.0640625 0.11328125 0.121875
3 0.4359375 0.5671875 0.0890625 0.11171875
10 0.56640625 0.065625 0.10078125 0.1109375