1 0.94140625 0.0640625 0.115625 0.1109375
1 0.31796875 0.06171875 0.1125 0.1125
0 0.6859375 0.3125 0.11875 0.1109375
0 0.18828125 0.31484375 0.1140625 0.1125
11 0.4375 0.4328125 0.10625 0.1125
0 0.43671875 0.81015625 0.10625 0.1140625
0 0.56328125 0.93828125 0.1203125 0.1234375
1 0.684375 0.6859375 0.1140625 0.11875
6 0.5609375 0.43671875 0.115625 0.1171875
6 0.68671875 0.0640625 0.103125 0.1015625
7 0.93515625 0.68828125 0.10625 0.115625
2 0.1890625 0.065625 0.115625 0.115625
11 0.0640625 0.0640625 0.1125 0.121875
3 0.5640625 0.5671875 0.0890625 0.1125
10 0.43359375 0.065625 0.1 0.1109375