0 0.5625 0.18828125 0.115625 0.115625
0 0.8140625 0.6828125 0.121875 0.1078125
5 0.0609375 0.43359375 0.1171875 0.1140625
5 0.31171875 0.68984375 0.1125 0.09375
5 0.9359375 0.81484375 0.1125 0.096875
10 0.81171875 0.4390625 0.1140625 0.1078125
10 0.6859375 0.31328125 0.103125 0.09375
8 0.43984375 0.8109375 0.1171875 0.0859375
9 0.5640625 0.56328125 0.128125 0.11875
1 0.0640625 0.06015625 0.1171875 0.1203125
2 0.06640625 0.5640625 0.121875 0.1046875
7 0.9390625 0.3109375 0.121875 0.1109375
6 0.9359375 0.06484375 0.121875 0.1234375