0 0.18828125 0.4375 0.11484375 0.11640625
0 0.6828125 0.1859375 0.10703125 0.12109375
5 0.43359375 0.9390625 0.1140625 0.1171875
5 0.68984375 0.68828125 0.09375 0.11171875
5 0.81484375 0.0640625 0.09765625 0.1125
10 0.4390625 0.18828125 0.1078125 0.1140625
10 0.31328125 0.3140625 0.09453125 0.10390625
8 0.8109375 0.56015625 0.0859375 0.1171875
9 0.56328125 0.4359375 0.11796875 0.128125
1 0.06015625 0.9359375 0.1203125 0.1171875
2 0.5640625 0.93359375 0.1046875 0.12265625
7 0.3109375 0.0609375 0.1109375 0.121875
6 0.06484375 0.0640625 0.1234375 0.12265625