6 0.06171875 0.065625 0.1125 0.11875
6 0.68515625 0.68046875 0.115625 0.1203125
10 0.6875 0.9328125 0.1015625 0.11875
10 0.43828125 0.690625 0.103125 0.115625
10 0.18125 0.93828125 0.090625 0.1234375
4 0.31484375 0.93359375 0.109375 0.13125
8 0.19453125 0.1875 0.11875 0.1359375
8 0.184375 0.5609375 0.125 0.11875
3 0.56171875 0.80546875 0.10625 0.1171875
9 0.81015625 0.9375 0.103125 0.125
7 0.4375 0.309375 0.121875 0.1125
5 0.9328125 0.06171875 0.125 0.1234375
3 0.93828125 0.190625 0.1234375 0.125
2 0.559375 0.06875 0.1078125 0.1265625
9 0.81015625 0.93515625 0.134375 0.128125
1 0.43125 0.1859375 0.10625 0.121875