6 0.934375 0.93828125 0.11875 0.1125
6 0.31953125 0.31484375 0.1203125 0.115625
10 0.0671875 0.3125 0.11875 0.1015625
10 0.309375 0.56171875 0.115625 0.103125
10 0.06171875 0.81875 0.1234375 0.0921875
4 0.06640625 0.68515625 0.13125 0.109375
8 0.8125 0.80546875 0.1359375 0.11875
8 0.4390625 0.815625 0.11875 0.125
3 0.19453125 0.43828125 0.1171875 0.10625
9 0.0625 0.18984375 0.125 0.103125
7 0.690625 0.5625 0.1125 0.121875
5 0.93828125 0.0671875 0.1234375 0.125
3 0.809375 0.06171875 0.125 0.1234375
2 0.93125 0.440625 0.1265625 0.1078125
9 0.06484375 0.18984375 0.128125 0.134375
1 0.8140625 0.56875 0.121875 0.10625