6 0.06796875 0.0671875 0.11328125 0.11640625
11 0.31015625 0.80703125 0.1125 0.1203125
11 0.5578125 0.940625 0.1125 0.11640625
7 0.43515625 0.43984375 0.1109375 0.11796875
8 0.43515625 0.690625 0.09140625 0.10859375
10 0.43984375 0.1921875 0.1125 0.1046875
8 0.18828125 0.5640625 0.090625 0.10546875
9 0.06171875 0.56015625 0.10625 0.11484375
4 0.68671875 0.4375 0.1171875 0.11328125
4 0.93671875 0.81640625 0.1140625 0.1203125
1 0.559375 0.68828125 0.11640625 0.109375
8 0.8140625 0.44296875 0.08984375 0.103125
1 0.9359375 0.065625 0.11640625 0.1078125