6 0.9328125 0.93203125 0.115625 0.1125
11 0.19296875 0.68984375 0.1203125 0.1125
11 0.059375 0.4421875 0.115625 0.1125
7 0.56015625 0.56484375 0.11875 0.1109375
8 0.309375 0.56484375 0.109375 0.090625
10 0.8078125 0.56015625 0.1046875 0.1125
8 0.4359375 0.81171875 0.10625 0.090625
9 0.43984375 0.93828125 0.115625 0.10625
4 0.5625 0.31328125 0.1125 0.1171875
4 0.18359375 0.06328125 0.1203125 0.1140625
1 0.31171875 0.440625 0.109375 0.115625
8 0.55703125 0.1859375 0.103125 0.090625
1 0.934375 0.0640625 0.1078125 0.115625