4 0.43828125 0.93671875 0.1125 0.11875
7 0.1859375 0.94140625 0.109375 0.1171875
2 0.56015625 0.3109375 0.1234375 0.11875
6 0.8140625 0.81171875 0.1125 0.11875
6 0.8125 0.43671875 0.115625 0.115625
6 0.065625 0.9359375 0.121875 0.121875
6 0.06484375 0.0609375 0.11875 0.109375
10 0.0640625 0.81484375 0.115625 0.103125
10 0.0625 0.315625 0.121875 0.1109375
10 0.06484375 0.19296875 0.115625 0.096875
10 0.9328125 0.43359375 0.121875 0.0890625
8 0.1890625 0.8140625 0.1109375 0.1109375
3 0.68671875 0.06171875 0.115625 0.1234375
0 0.9390625 0.059375 0.121875 0.11875
9 0.190625 0.31328125 0.128125 0.103125