4 0.06328125 0.43828125 0.11796875 0.11171875
7 0.05859375 0.1859375 0.1171875 0.11015625
2 0.6890625 0.56015625 0.11875 0.1234375
6 0.18828125 0.8140625 0.11796875 0.11328125
6 0.56328125 0.8125 0.115625 0.11640625
6 0.0640625 0.065625 0.121875 0.12265625
6 0.9390625 0.06484375 0.11015625 0.11796875
10 0.18515625 0.0640625 0.103125 0.115625
10 0.684375 0.0625 0.1109375 0.12109375
10 0.80703125 0.06484375 0.096875 0.11484375
10 0.56640625 0.9328125 0.0890625 0.12265625
8 0.1859375 0.1890625 0.11015625 0.1109375
3 0.93828125 0.68671875 0.1234375 0.11484375
0 0.940625 0.9390625 0.11875 0.121875
9 0.68671875 0.190625 0.103125 0.128125