4 0.56171875 0.06328125 0.1125 0.11875
7 0.8140625 0.05859375 0.109375 0.1171875
2 0.43984375 0.6890625 0.1234375 0.11875
6 0.1859375 0.18828125 0.1125 0.11875
6 0.1875 0.56328125 0.115625 0.115625
6 0.934375 0.0640625 0.121875 0.121875
6 0.93515625 0.9390625 0.11875 0.109375
10 0.9359375 0.18515625 0.115625 0.103125
10 0.9375 0.684375 0.121875 0.1109375
10 0.93515625 0.80703125 0.115625 0.096875
10 0.0671875 0.56640625 0.121875 0.0890625
8 0.8109375 0.1859375 0.1109375 0.109375
3 0.31328125 0.93828125 0.115625 0.1234375
0 0.0609375 0.940625 0.121875 0.11875
9 0.809375 0.68671875 0.128125 0.103125