11 0.06171875 0.6859375 0.12109375 0.11640625
11 0.3125 0.56328125 0.1078125 0.12109375
11 0.55859375 0.31171875 0.109375 0.10234375
11 0.1921875 0.1890625 0.11953125 0.13125
7 0.0640625 0.059375 0.10546875 0.11875
6 0.434375 0.43359375 0.103125 0.11953125
3 0.1953125 0.690625 0.128125 0.11640625
1 0.18515625 0.8171875 0.1171875 0.1140625
1 0.69140625 0.18984375 0.12109375 0.12421875
2 0.81015625 0.3171875 0.1140625 0.121875
9 0.93984375 0.43359375 0.1203125 0.1171875
10 0.81328125 0.06328125 0.11796875 0.1109375
3 0.93828125 0.8125 0.1234375 0.12578125
4 0.93359375 0.93984375 0.13203125 0.1203125