11 0.6859375 0.93828125 0.115625 0.121875
11 0.56328125 0.6875 0.121875 0.1078125
11 0.31171875 0.44140625 0.103125 0.109375
11 0.1890625 0.8078125 0.13125 0.1203125
7 0.059375 0.9359375 0.11875 0.10625
6 0.43359375 0.565625 0.11875 0.103125
3 0.690625 0.8046875 0.115625 0.128125
1 0.8171875 0.81484375 0.1140625 0.1171875
1 0.18984375 0.30859375 0.125 0.121875
2 0.3171875 0.18984375 0.121875 0.1140625
9 0.43359375 0.06015625 0.1171875 0.1203125
10 0.06328125 0.18671875 0.1109375 0.11875
3 0.8125 0.06171875 0.125 0.1234375
4 0.93984375 0.06640625 0.1203125 0.13125