11 0.3140625 0.06171875 0.115625 0.121875
11 0.43671875 0.3125 0.121875 0.1078125
11 0.68828125 0.55859375 0.103125 0.109375
11 0.8109375 0.1921875 0.13125 0.11875
7 0.940625 0.0640625 0.11875 0.10625
6 0.56640625 0.434375 0.11875 0.103125
3 0.309375 0.1953125 0.115625 0.128125
1 0.1828125 0.18515625 0.1140625 0.1171875
1 0.81015625 0.69140625 0.125 0.121875
2 0.6828125 0.81015625 0.121875 0.1140625
9 0.56640625 0.93984375 0.1171875 0.1203125
10 0.93671875 0.81328125 0.1109375 0.1171875
3 0.1875 0.93828125 0.125 0.1234375
4 0.06015625 0.93359375 0.1203125 0.13125