4 0.30859375 0.93515625 0.11015625 0.12578125
4 0.56015625 0.81171875 0.11796875 0.11875
5 0.3125 0.071875 0.1015625 0.1171875
5 0.56328125 0.9390625 0.1125 0.12109375
2 0.93671875 0.8125 0.11796875 0.121875
1 0.81015625 0.3125 0.12109375 0.1296875
3 0.68671875 0.559375 0.109375 0.128125
0 0.059375 0.06015625 0.1 0.1203125
11 0.0625 0.31640625 0.10859375 0.1046875
6 0.4375 0.31484375 0.1078125 0.11640625
6 0.18984375 0.9359375 0.1078125 0.1234375
8 0.3125 0.56328125 0.1125 0.11484375
8 0.4390625 0.56484375 0.10703125 0.11484375
7 0.31171875 0.196875 0.10703125 0.13359375