4 0.93515625 0.69140625 0.125 0.109375
4 0.81171875 0.43984375 0.11875 0.11875
5 0.071875 0.6875 0.1171875 0.1015625
5 0.9390625 0.43671875 0.121875 0.1125
2 0.8125 0.06328125 0.121875 0.11875
1 0.3125 0.18984375 0.1296875 0.121875
3 0.559375 0.31328125 0.128125 0.109375
0 0.06015625 0.940625 0.1203125 0.1
11 0.31640625 0.9375 0.1046875 0.109375
6 0.31484375 0.5625 0.115625 0.1078125
6 0.9359375 0.81015625 0.1234375 0.1078125
8 0.56328125 0.6875 0.115625 0.1125
8 0.56484375 0.5609375 0.115625 0.10625
7 0.196875 0.68828125 0.134375 0.1078125