9 0.815625 0.5609375 0.11875 0.1109375
9 0.8109375 0.684375 0.1109375 0.115625
4 0.6828125 0.56328125 0.1125 0.1140625
6 0.6890625 0.81171875 0.121875 0.11875
6 0.43671875 0.56328125 0.115625 0.115625
11 0.43671875 0.06171875 0.1171875 0.11875
11 0.440625 0.4328125 0.11875 0.1125
10 0.06015625 0.5640625 0.1203125 0.096875
3 0.31015625 0.31015625 0.109375 0.090625
5 0.18671875 0.81171875 0.1125 0.096875
0 0.93984375 0.0625 0.1203125 0.1
1 0.5640625 0.3125 0.121875 0.13125
2 0.93515625 0.9359375 0.11875 0.10625
7 0.93671875 0.6890625 0.1171875 0.1078125