9 0.184375 0.4390625 0.11875 0.109375
9 0.1890625 0.315625 0.1109375 0.115625
4 0.3171875 0.43671875 0.1125 0.1140625
6 0.3109375 0.18828125 0.121875 0.11875
6 0.56328125 0.43671875 0.115625 0.115625
11 0.56328125 0.93828125 0.1171875 0.11875
11 0.559375 0.5671875 0.11875 0.1125
10 0.93984375 0.4359375 0.1203125 0.096875
3 0.68984375 0.68984375 0.109375 0.090625
5 0.81328125 0.18828125 0.1125 0.096875
0 0.06015625 0.9375 0.1203125 0.1
1 0.4359375 0.6875 0.121875 0.13125
2 0.06484375 0.0640625 0.11875 0.10625
7 0.06328125 0.3109375 0.1171875 0.1078125