9 0.5609375 0.184375 0.11015625 0.11875
9 0.684375 0.1890625 0.115625 0.1109375
4 0.56328125 0.3171875 0.1140625 0.11328125
6 0.81171875 0.3109375 0.11796875 0.121875
6 0.56328125 0.56328125 0.11484375 0.11484375
11 0.06171875 0.56328125 0.11953125 0.1171875
11 0.4328125 0.559375 0.11328125 0.11875
10 0.5640625 0.93984375 0.09765625 0.1203125
3 0.31015625 0.68984375 0.090625 0.10859375
5 0.81171875 0.81328125 0.096875 0.1125
0 0.0625 0.06015625 0.1 0.1203125
1 0.3125 0.4359375 0.13046875 0.121875
2 0.9359375 0.06484375 0.10703125 0.11796875
7 0.6890625 0.06328125 0.1078125 0.1171875