8 0.4359375 0.43203125 0.0984375 0.1046875
8 0.80703125 0.1890625 0.1 0.115625
10 0.565625 0.440625 0.08515625 0.11953125
10 0.684375 0.68359375 0.1015625 0.1171875
7 0.05859375 0.684375 0.1046875 0.121875
9 0.940625 0.9421875 0.10390625 0.10703125
11 0.93984375 0.6859375 0.09453125 0.109375
1 0.93359375 0.31015625 0.11484375 0.10546875
1 0.8109375 0.06015625 0.09296875 0.1171875
0 0.0671875 0.3140625 0.09296875 0.0984375
0 0.0609375 0.0609375 0.10625 0.11328125
0 0.309375 0.1859375 0.09296875 0.11015625
2 0.3109375 0.31328125 0.10078125 0.10546875
5 0.44296875 0.184375 0.09765625 0.11640625
5 0.9390625 0.184375 0.121875 0.11015625