8 0.5640625 0.43203125 0.0984375 0.1046875
8 0.19296875 0.1890625 0.1 0.115625
10 0.434375 0.440625 0.084375 0.11875
10 0.315625 0.68359375 0.1015625 0.1171875
7 0.94140625 0.684375 0.1046875 0.121875
9 0.059375 0.9421875 0.103125 0.10625
11 0.06015625 0.6859375 0.09375 0.109375
1 0.06640625 0.31015625 0.115625 0.10625
1 0.1890625 0.06015625 0.09375 0.1171875
0 0.9328125 0.3140625 0.09375 0.0984375
0 0.9390625 0.0609375 0.10625 0.1125
0 0.690625 0.1859375 0.09375 0.109375
2 0.6890625 0.31328125 0.1 0.10625
5 0.55703125 0.184375 0.096875 0.115625
5 0.0609375 0.184375 0.121875 0.109375