7 0.80859375 0.81484375 0.103125 0.1109375
8 0.5546875 0.81015625 0.096875 0.084375
8 0.55625 0.56328125 0.1140625 0.09375
11 0.6828125 0.9375 0.10625 0.10625
4 0.1875 0.5640625 0.1046875 0.1125
4 0.1921875 0.3125 0.115625 0.1078125
4 0.06171875 0.9359375 0.11875 0.1046875
5 0.18671875 0.9375 0.115625 0.1078125
3 0.809375 0.9375 0.1140625 0.0890625
0 0.934375 0.9328125 0.115625 0.109375
2 0.0609375 0.31484375 0.121875 0.109375
3 0.184375 0.8140625 0.10625 0.0921875
1 0.059375 0.0609375 0.1109375 0.103125
9 0.434375 0.81171875 0.1078125 0.109375