7 0.18515625 0.19140625 0.1109375 0.10390625
8 0.18984375 0.4453125 0.08515625 0.09609375
8 0.43671875 0.44375 0.09375 0.1140625
11 0.0625 0.3171875 0.10625 0.10703125
4 0.4359375 0.8125 0.1125 0.1046875
4 0.6875 0.8078125 0.1078125 0.11640625
4 0.0640625 0.93828125 0.1046875 0.11875
5 0.0625 0.81328125 0.1078125 0.115625
3 0.0625 0.190625 0.0890625 0.1140625
0 0.0671875 0.065625 0.10859375 0.115625
2 0.68515625 0.9390625 0.10859375 0.121875
3 0.1859375 0.815625 0.0921875 0.10703125
1 0.9390625 0.940625 0.10390625 0.1109375
9 0.18828125 0.565625 0.109375 0.1078125