7 0.81484375 0.19140625 0.1109375 0.103125
8 0.81015625 0.4453125 0.084375 0.096875
8 0.56328125 0.44375 0.09375 0.1140625
11 0.9375 0.3171875 0.10625 0.10625
4 0.5640625 0.8125 0.1125 0.1046875
4 0.3125 0.8078125 0.1078125 0.115625
4 0.9359375 0.93828125 0.1046875 0.11875
5 0.9375 0.81328125 0.1078125 0.115625
3 0.9375 0.190625 0.0890625 0.1140625
0 0.9328125 0.065625 0.109375 0.115625
2 0.31484375 0.9390625 0.109375 0.121875
3 0.8140625 0.815625 0.0921875 0.10625
1 0.0609375 0.940625 0.103125 0.1109375
9 0.81171875 0.565625 0.109375 0.1078125