9 0.93671875 0.0671875 0.1109375 0.1125
5 0.93515625 0.19609375 0.1125 0.1125
1 0.9375 0.43671875 0.121875 0.121875
7 0.93671875 0.81640625 0.1203125 0.10625
10 0.809375 0.81796875 0.1015625 0.0921875
0 0.56171875 0.8125 0.109375 0.125
9 0.434375 0.80859375 0.1046875 0.1171875
9 0.5625 0.9421875 0.115625 0.115625
9 0.3109375 0.93828125 0.1125 0.1171875
8 0.1875 0.6875 0.1109375 0.1125
2 0.1859375 0.30703125 0.1203125 0.10625
3 0.0609375 0.31015625 0.0875 0.103125
0 0.06015625 0.18984375 0.1203125 0.121875
3 0.31015625 0.190625 0.11875 0.1125
11 0.18671875 0.059375 0.10625 0.11875