9 0.06328125 0.0671875 0.1109375 0.11328125
5 0.06484375 0.19609375 0.11171875 0.1125
1 0.0625 0.43671875 0.12265625 0.12265625
7 0.06328125 0.81640625 0.1203125 0.10625
10 0.190625 0.81796875 0.1015625 0.0921875
0 0.43828125 0.8125 0.10859375 0.12421875
9 0.565625 0.80859375 0.1046875 0.1171875
9 0.4375 0.9421875 0.115625 0.115625
9 0.6890625 0.93828125 0.11328125 0.1171875
8 0.8125 0.6875 0.1109375 0.11328125
2 0.8140625 0.30703125 0.1203125 0.10546875
3 0.9390625 0.31015625 0.0875 0.10234375
0 0.93984375 0.18984375 0.1203125 0.12109375
3 0.68984375 0.190625 0.11796875 0.11328125
11 0.81328125 0.059375 0.10546875 0.11875