10 0.06328125 0.1875 0.10625 0.115625
4 0.06484375 0.06328125 0.11171875 0.11171875
0 0.3109375 0.1890625 0.11015625 0.1046875
0 0.5625 0.440625 0.10234375 0.1140625
1 0.5625 0.31328125 0.1125 0.1234375
5 0.690625 0.93828125 0.1015625 0.1125
9 0.43828125 0.6875 0.11171875 0.115625
9 0.56328125 0.68671875 0.1171875 0.10859375
9 0.93671875 0.44140625 0.1140625 0.11484375
11 0.8109375 0.3171875 0.109375 0.11015625
11 0.3109375 0.94140625 0.1078125 0.115625
8 0.80625 0.81484375 0.09140625 0.10546875
7 0.43828125 0.440625 0.10859375 0.11875
2 0.81171875 0.93828125 0.11484375 0.1234375