10 0.0625 0.0671875 0.11015625 0.10859375
10 0.0640625 0.31640625 0.1078125 0.10859375
10 0.1890625 0.93984375 0.1078125 0.11875
10 0.56484375 0.94140625 0.09375 0.115625
3 0.81484375 0.81328125 0.07734375 0.1125
3 0.94140625 0.43984375 0.08046875 0.11796875
6 0.43828125 0.31328125 0.1109375 0.1140625
0 0.31328125 0.5640625 0.1109375 0.125
4 0.1859375 0.3125 0.11328125 0.11875
4 0.0625 0.81171875 0.11875 0.10859375
4 0.43828125 0.94296875 0.12109375 0.11015625
6 0.190625 0.6921875 0.12265625 0.1140625
11 0.68671875 0.81171875 0.11171875 0.1203125
2 0.4390625 0.81640625 0.11875 0.1234375
7 0.06484375 0.1875 0.103125 0.11640625