10 0.0671875 0.9375 0.109375 0.109375
10 0.31640625 0.9359375 0.109375 0.1078125
10 0.93984375 0.8109375 0.11875 0.1078125
10 0.94140625 0.43515625 0.115625 0.09375
3 0.81328125 0.18515625 0.1125 0.078125
3 0.43984375 0.05859375 0.11875 0.08125
6 0.31328125 0.56171875 0.1140625 0.1109375
0 0.5640625 0.68671875 0.125 0.1109375
4 0.3125 0.8140625 0.11875 0.1140625
4 0.81171875 0.9375 0.109375 0.11875
4 0.94296875 0.56171875 0.109375 0.1203125
6 0.6921875 0.809375 0.1140625 0.121875
11 0.81171875 0.31328125 0.1203125 0.1125
2 0.81640625 0.5609375 0.1234375 0.11875
7 0.1875 0.93515625 0.115625 0.103125